
Geometry optimization cycle 1
Cartesian coordinates (Angstrom)
 Atom        New coordinates             dX        dY        dZ
   O   2.866000   2.000000   0.000000    0.000000  0.000000  0.000000
   O   2.866000  -2.000000   0.000000    0.000000  0.000000  0.000000
   C   2.866000   1.000000   0.000000    0.000000  0.000000  0.000000
   C   2.866000  -1.000000   0.000000    0.000000  0.000000  0.000000
   C   3.732100   0.500000   0.000000    0.000000  0.000000  0.000000
   C   3.732100  -0.500000   0.000000    0.000000  0.000000  0.000000
   C   2.000000   0.500000   0.000000    0.000000  0.000000  0.000000
   C   2.000000  -0.500000   0.000000    0.000000  0.000000  0.000000
   H   4.269000   0.810000   0.000000    0.000000  0.000000  0.000000
   H   4.269000  -0.810000   0.000000    0.000000  0.000000  0.000000
   H   1.463100   0.810000   0.000000    0.000000  0.000000  0.000000
   H   1.463100  -0.810000   0.000000    0.000000  0.000000  0.000000
   H   3.403000   2.310000   0.000000    0.000000  0.000000  0.000000
   H   2.329100  -2.310000   0.000000    0.000000  0.000000  0.000000
converged SCF energy = -375.678115476713
--------------- RHF_Scanner gradients ---------------
         x                y                z
0 O     1.1481488022    -0.5309646812     0.0000000000
1 O    -1.1488910006     0.5304259725     0.0000000000
2 C     0.0074536309    -0.2132248038    -0.0000000000
3 C    -0.0083544935     0.2132368873    -0.0000000000
4 C     0.2196205886     0.2042297729    -0.0000000000
5 C     0.2107022326    -0.1995125488     0.0000000000
6 C    -0.2102443885     0.1997740124     0.0000000000
7 C    -0.2191635894    -0.2044894139     0.0000000000
8 H    -1.3156268951    -0.7610045563    -0.0000000000
9 H    -1.3113515413     0.7668071474     0.0000000000
10 H     1.3113527990    -0.7667883633    -0.0000000000
11 H     1.3156289798     0.7609857392    -0.0000000000
12 H    -1.1521528503    -0.6861996143     0.0000000000
13 H     1.1528777257     0.6867244499    -0.0000000000
----------------------------------------------
cycle 1: E = -375.678115477  dE = -375.678  norm(grad) = 4.05893

Geometry optimization cycle 2
Cartesian coordinates (Angstrom)
 Atom        New coordinates             dX        dY        dZ
   O   2.853993   2.106612  -0.000000   -0.012007  0.106612 -0.000000
   O   2.873966  -2.106199   0.000000    0.007966 -0.106199  0.000000
   C   2.862659   1.031736  -0.000000   -0.003341  0.031736 -0.000000
   C   2.871385  -1.031293   0.000000    0.005385 -0.031293  0.000000
   C   3.753570   0.515232   0.000000    0.021470  0.015232  0.000000
   C   3.757686  -0.508832   0.000000    0.025586 -0.008832  0.000000
   C   1.976749   0.508036  -0.000000   -0.023251  0.008036 -0.000000
   C   1.980181  -0.516615  -0.000000   -0.019819 -0.016615 -0.000000
   H   4.372133   0.874807   0.000000    0.103133  0.064807  0.000000
   H   4.378893  -0.863717   0.000000    0.109893 -0.053717  0.000000
   H   1.355507   0.862861  -0.000000   -0.107593  0.052861 -0.000000
   H   1.361771  -0.876452  -0.000000   -0.101329 -0.066452 -0.000000
   H   3.459718   2.466045   0.000000    0.056718  0.156045  0.000000
   H   2.266287  -2.462220   0.000000   -0.062813 -0.152220  0.000000
converged SCF energy = -377.471444706272
--------------- RHF_Scanner gradients ---------------
         x                y                z
0 O     0.5994223606    -0.4001461181     0.0000000000
1 O    -0.6008748412     0.4044002518    -0.0000000000
2 C    -0.0069660351    -0.4261836507     0.0000000000
3 C     0.0042683922     0.4289113677    -0.0000000000
4 C    -0.1945355222    -0.0971808559     0.0000000000
5 C    -0.2091333083     0.1032077870    -0.0000000000
6 C     0.2081893440    -0.0986104361     0.0000000000
7 C     0.1979447410     0.0888159610     0.0000000000
8 H    -0.7248957252    -0.4212591006    -0.0000000000
9 H    -0.7243302913     0.4197473181    -0.0000000000
10 H     0.7243997296    -0.4196798564     0.0000000000
11 H     0.7245402767     0.4213446129     0.0000000000
12 H    -0.5879962392    -0.3552703590    -0.0000000000
13 H     0.5899671184     0.3519030782     0.0000000000
----------------------------------------------
cycle 2: E = -377.471444706  dE = -1.79333  norm(grad) = 2.31571

Geometry optimization cycle 3
Cartesian coordinates (Angstrom)
 Atom        New coordinates             dX        dY        dZ
   O   2.839313   2.291703  -0.000000   -0.014680  0.185091 -0.000000
   O   2.893428  -2.289165   0.000000    0.019462 -0.182965  0.000000
   C   2.868759   1.118648  -0.000000    0.006100  0.086911 -0.000000
   C   2.863344  -1.115899  -0.000000   -0.008042 -0.084606 -0.000000
   C   3.820882   0.547572  -0.000000    0.067312  0.032340 -0.000000
   C   3.819807  -0.556540  -0.000000    0.062120 -0.047708 -0.000000
   C   1.913218   0.555212  -0.000000   -0.063531  0.047176 -0.000000
   C   1.909295  -0.549721  -0.000000   -0.070886 -0.033106 -0.000000
   H   4.525823   0.949473  -0.000000    0.153689  0.074666 -0.000000
   H   4.521035  -0.964223  -0.000000    0.142142 -0.100506 -0.000000
   H   1.211858   0.962685  -0.000000   -0.143649  0.099825 -0.000000
   H   1.204687  -0.952055   0.000000   -0.157084 -0.075603  0.000000
   H   3.501434   2.693009  -0.000000    0.041716  0.226964 -0.000000
   H   2.231617  -2.690699   0.000000   -0.034669 -0.228479  0.000000
converged SCF energy = -379.052774367093
--------------- RHF_Scanner gradients ---------------
         x                y                z
0 O     0.3260840503    -0.1702169524     0.0000000000
1 O    -0.3265652802     0.1708730792    -0.0000000000
2 C    -0.0127093369    -0.3392087439     0.0000000000
3 C     0.0142938740     0.3450551164    -0.0000000000
4 C    -0.1739839323    -0.1064909670     0.0000000000
5 C    -0.1843066646     0.0998653177     0.0000000000
6 C     0.1815482260    -0.1007043057     0.0000000000
7 C     0.1751724818     0.1002354924    -0.0000000000
8 H    -0.3878320385    -0.2195806317     0.0000000000
9 H    -0.3828673541     0.2250377641    -0.0000000000
10 H     0.3832552104    -0.2250547032     0.0000000000
11 H     0.3875826880     0.2197454292    -0.0000000000
12 H    -0.3156597742    -0.1880806435     0.0000000000
13 H     0.3159878502     0.1885247485    -0.0000000000
----------------------------------------------
cycle 3: E = -379.052774367  dE = -1.58133  norm(grad) = 1.31808

Geometry optimization cycle 4
Cartesian coordinates (Angstrom)
 Atom        New coordinates             dX        dY        dZ
   O   2.857590   2.493193   0.000000    0.018277  0.201490  0.000000
   O   2.863229  -2.503690  -0.000000   -0.030199 -0.214526 -0.000000
   C   2.830721   1.218489   0.000000   -0.038038  0.099842  0.000000
   C   2.906853  -1.228716  -0.000000    0.043510 -0.112817 -0.000000
   C   3.915863   0.649517   0.000000    0.094980  0.101945  0.000000
   C   3.942950  -0.574536  -0.000000    0.123144 -0.017996 -0.000000
   C   1.786156   0.579317   0.000000   -0.127062  0.024105  0.000000
   C   1.829613  -0.643673   0.000000   -0.079682 -0.093952  0.000000
   H   4.706070   1.131282   0.000000    0.180248  0.181809  0.000000
   H   4.757471  -1.011815  -0.000000    0.236436 -0.047592 -0.000000
   H   0.971496   1.016638   0.000000   -0.240363  0.053953  0.000000
   H   1.039314  -1.124983   0.000000   -0.165373 -0.172928  0.000000
   H   3.654810   2.810826   0.000000    0.153376  0.117817  0.000000
   H   2.062363  -2.811847  -0.000000   -0.169255 -0.121149 -0.000000
converged SCF energy = -380.067881445279
--------------- RHF_Scanner gradients ---------------
         x                y                z
0 O     0.1471451519    -0.0773618166    -0.0000000000
1 O    -0.1499026624     0.0754340926     0.0000000000
2 C    -0.0163871046    -0.1715803081    -0.0000000000
3 C     0.0184193055     0.1618665239     0.0000000000
4 C    -0.0651172975    -0.0239758759     0.0000000000
5 C    -0.0896334026     0.0600588295     0.0000000000
6 C     0.0828967577    -0.0524290056    -0.0000000000
7 C     0.0719792434     0.0290221290    -0.0000000000
8 H    -0.1512488668    -0.0919262771     0.0000000000
9 H    -0.1577431372     0.0871585313     0.0000000000
10 H     0.1563337801    -0.0867127358    -0.0000000000
11 H     0.1523539200     0.0926076253    -0.0000000000
12 H    -0.1238256021    -0.0527342083     0.0000000000
13 H     0.1247299148     0.0505724959    -0.0000000000
----------------------------------------------
cycle 4: E = -380.067881445  dE = -1.01511  norm(grad) = 0.554913

Geometry optimization cycle 5
Cartesian coordinates (Angstrom)
 Atom        New coordinates             dX        dY        dZ
   O   2.626416   2.608612   0.000000   -0.231174  0.115419  0.000000
   O   3.122104  -2.584635  -0.000000    0.258875 -0.080945  0.000000
   C   2.969444   1.308882   0.000000    0.138723  0.090393  0.000000
   C   2.758618  -1.290675   0.000000   -0.148235 -0.061959  0.000000
   C   4.021504   0.526621   0.000000    0.105642 -0.122896  0.000000
   C   3.967253  -0.785214  -0.000000    0.024303 -0.210678  0.000000
   C   1.771782   0.770954   0.000000   -0.014374  0.191637  0.000000
   C   1.686959  -0.542157   0.000000   -0.142654  0.101516  0.000000
   H   4.939851   0.941422   0.000000    0.233781 -0.189860  0.000000
   H   4.787904  -1.369218  -0.000000    0.030433 -0.357403  0.000000
   H   0.951456   1.355076   0.000000   -0.020040  0.338438  0.000000
   H   0.769691  -0.959709   0.000000   -0.269623  0.165274  0.000000
   H   3.360935   3.155488   0.000000   -0.293875  0.344662  0.000000
   H   2.390581  -3.135446  -0.000000    0.328218 -0.323599  0.000000
converged SCF energy = -380.287646842474
--------------- RHF_Scanner gradients ---------------
         x                y                z
0 O    -0.0408984093    -0.0442141504    -0.0000000000
1 O     0.0491633246     0.0570347558    -0.0000000000
2 C     0.0778721030    -0.0537910519    -0.0000000000
3 C    -0.0774853782     0.0744185263     0.0000000000
4 C    -0.0725134602    -0.0536677062     0.0000000000
5 C    -0.0046758614    -0.0679489913    -0.0000000000
6 C     0.0130663405     0.0474662552     0.0000000000
7 C     0.0565951442     0.0409407123    -0.0000000000
8 H    -0.0611778874    -0.0314526634     0.0000000000
9 H    -0.0474877518     0.0304627631     0.0000000000
10 H     0.0490712663    -0.0319709814    -0.0000000000
11 H     0.0591205200     0.0301497099    -0.0000000000
12 H    -0.0317723347    -0.0332865545     0.0000000000
13 H     0.0311223845     0.0358593766     0.0000000000
----------------------------------------------
cycle 5: E = -380.287646842  dE = -0.219765  norm(grad) = 0.264573

Geometry optimization cycle 6
Cartesian coordinates (Angstrom)
 Atom        New coordinates             dX        dY        dZ
   O   2.848677   2.855155   0.000000    0.222261  0.246543  0.000000
   O   2.785292  -2.864523  -0.000000   -0.336812 -0.279888  0.000000
   C   2.833450   1.440449   0.000000   -0.135994  0.131567  0.000000
   C   2.944572  -1.458181   0.000000    0.185953 -0.167506  0.000000
   C   4.057988   0.749451   0.000000    0.036484  0.222830  0.000000
   C   4.087493  -0.645106   0.000000    0.120239  0.140108  0.000000
   C   1.690935   0.629911   0.000000   -0.080847 -0.141043  0.000000
   C   1.720895  -0.763991   0.000000    0.033937 -0.221834  0.000000
   H   4.986401   1.320823   0.000000    0.046550  0.379401  0.000000
   H   5.052035  -1.149304  -0.000000    0.264131  0.219914  0.000000
   H   0.728231   1.137172   0.000000   -0.223225 -0.217904  0.000000
   H   0.791750  -1.334345   0.000000    0.022059 -0.374636  0.000000
   H   3.729797   3.263959   0.000000    0.368862  0.108471  0.000000
   H   1.866983  -3.181468  -0.000000   -0.523598 -0.046022  0.000000
converged SCF energy = -380.390512390602
--------------- RHF_Scanner gradients ---------------
         x                y                z
0 O     0.0107487095     0.0301371750     0.0000000000
1 O    -0.0309657048    -0.0215535689     0.0000000000
2 C    -0.0427783178    -0.0027286494     0.0000000000
3 C     0.0653719481    -0.0016209103    -0.0000000000
4 C     0.0176964234    -0.0062959380    -0.0000000000
5 C    -0.0205323015     0.0424100880     0.0000000000
6 C     0.0209271543    -0.0306719603    -0.0000000000
7 C    -0.0166634263    -0.0090929066     0.0000000000
8 H     0.0063116033     0.0100923765     0.0000000000
9 H     0.0056986555    -0.0064736345    -0.0000000000
10 H    -0.0059700523     0.0057848528     0.0000000000
11 H    -0.0065969406    -0.0103546877    -0.0000000000
12 H     0.0189285274     0.0231261264     0.0000000000
13 H    -0.0221762784    -0.0227583631    -0.0000000000
----------------------------------------------
cycle 6: E = -380.390512391  dE = -0.102866  norm(grad) = 0.123335

Geometry optimization cycle 7
Cartesian coordinates (Angstrom)
 Atom        New coordinates             dX        dY        dZ
   O   2.846584   2.798124   0.000000   -0.002093 -0.057031  0.000000
   O   2.936723  -2.797122  -0.000000    0.151430  0.067401 -0.000000
   C   2.826313   1.401492   0.000000   -0.007137 -0.038957 -0.000000
   C   2.881877  -1.400137   0.000000   -0.062695  0.058044 -0.000000
   C   4.031230   0.718726   0.000000   -0.026757 -0.030725 -0.000000
   C   4.055334  -0.664361   0.000000   -0.032159 -0.019255 -0.000000
   C   1.650237   0.671981   0.000000   -0.040698  0.042070 -0.000000
   C   1.679481  -0.710034   0.000000   -0.041415  0.053957 -0.000000
   H   4.962631   1.256650   0.000000   -0.023771 -0.064173  0.000000
   H   4.999296  -1.176372  -0.000000   -0.052739 -0.027068 -0.000000
   H   0.708863   1.188527   0.000000   -0.019368  0.051356 -0.000000
   H   0.747254  -1.246429   0.000000   -0.044496  0.087915 -0.000000
   H   3.755172   3.105405   0.000000    0.025375 -0.158554  0.000000
   H   2.043505  -3.146450  -0.000000    0.176523  0.035019 -0.000000
converged SCF energy = -380.415730280414
--------------- RHF_Scanner gradients ---------------
         x                y                z
0 O     0.0028738887     0.0254445709     0.0000000000
1 O     0.0094556423    -0.0288295148    -0.0000000000
2 C    -0.0168938475    -0.0238317854    -0.0000000000
3 C     0.0041484269     0.0188903767     0.0000000000
4 C     0.0030122362     0.0052649174     0.0000000000
5 C    -0.0061778799     0.0102638971     0.0000000000
6 C     0.0030492764    -0.0165794262    -0.0000000000
7 C    -0.0010174278     0.0068618224     0.0000000000
8 H    -0.0006179405    -0.0003188507    -0.0000000000
9 H    -0.0002325985     0.0014781634     0.0000000000
10 H     0.0007231175    -0.0004116082    -0.0000000000
11 H     0.0009784700     0.0005808958     0.0000000000
12 H     0.0128307530     0.0047135098    -0.0000000000
13 H    -0.0121321166    -0.0035269683     0.0000000000
----------------------------------------------
cycle 7: E = -380.41573028  dE = -0.0252179  norm(grad) = 0.0605593

Geometry optimization cycle 8
Cartesian coordinates (Angstrom)
 Atom        New coordinates             dX        dY        dZ
   O   2.746129   2.756771   0.000000   -0.100454 -0.041352 -0.000000
   O   2.916206  -2.771489  -0.000000   -0.020517  0.025633  0.000000
   C   2.878071   1.378773   0.000000    0.051758 -0.022719 -0.000000
   C   2.885983  -1.386416   0.000000    0.004106  0.013721 -0.000000
   C   4.064189   0.680827   0.000000    0.032958 -0.037898 -0.000000
   C   4.077566  -0.696206   0.000000    0.022232 -0.031845 -0.000000
   C   1.685071   0.692745   0.000000    0.034833  0.020764 -0.000000
   C   1.702131  -0.684937   0.000000    0.022650  0.025096 -0.000000
   H   4.998579   1.199064   0.000000    0.035948 -0.057586 -0.000000
   H   5.003128  -1.226495  -0.000000    0.003831 -0.050123 -0.000000
   H   0.759713   1.223259   0.000000    0.050850  0.034732 -0.000000
   H   0.767298  -1.202364   0.000000    0.020044  0.044065 -0.000000
   H   3.610760   3.153684   0.000000   -0.144412  0.048279 -0.000000
   H   2.029677  -3.117218  -0.000000   -0.013828  0.029232  0.000000
converged SCF energy = -380.417677988548
--------------- RHF_Scanner gradients ---------------
         x                y                z
0 O    -0.0199272301     0.0175191794     0.0000000000
1 O     0.0022166482    -0.0193808247    -0.0000000000
2 C     0.0181184341    -0.0252160664    -0.0000000000
3 C    -0.0017079139     0.0263800761     0.0000000000
4 C    -0.0068133388    -0.0109146724    -0.0000000000
5 C     0.0024251564     0.0070517626     0.0000000000
6 C    -0.0028358912     0.0073185254     0.0000000000
7 C     0.0094024102     0.0004929716    -0.0000000000
8 H    -0.0054117171    -0.0045657786    -0.0000000000
9 H    -0.0046730318     0.0034249631     0.0000000000
10 H     0.0039658347    -0.0038526793    -0.0000000000
11 H     0.0052946747     0.0051069244     0.0000000000
12 H     0.0045560308    -0.0020156255    -0.0000000000
13 H    -0.0046100663    -0.0013487558     0.0000000000
----------------------------------------------
cycle 8: E = -380.417677989  dE = -0.00194771  norm(grad) = 0.0577511

Geometry optimization cycle 9
Cartesian coordinates (Angstrom)
 Atom        New coordinates             dX        dY        dZ
   O   2.795236   2.763769   0.000000    0.049106  0.006998 -0.000000
   O   2.949002  -2.762811  -0.000000    0.032797  0.008678  0.000000
   C   2.859047   1.382158   0.000000   -0.019024  0.003385  0.000000
   C   2.867424  -1.381498   0.000000   -0.018559  0.004918  0.000000
   C   4.051829   0.690250   0.000000   -0.012360  0.009423  0.000000
   C   4.059516  -0.690256   0.000000   -0.018049  0.005950  0.000000
   C   1.667396   0.690928   0.000000   -0.017675 -0.001817  0.000000
   C   1.674436  -0.689571   0.000000   -0.027695 -0.004634  0.000000
   H   4.985887   1.213747   0.000000   -0.012692  0.014683  0.000000
   H   4.985954  -1.223331  -0.000000   -0.017174  0.003164  0.000000
   H   0.741557   1.224806   0.000000   -0.018156  0.001547  0.000000
   H   0.740433  -1.213230   0.000000   -0.026865 -0.010867  0.000000
   H   3.667812   3.143757   0.000000    0.057052 -0.009928 -0.000000
   H   2.078972  -3.148718  -0.000000    0.049294 -0.031500  0.000000
converged SCF energy = -380.419185437251
--------------- RHF_Scanner gradients ---------------
         x                y                z
0 O    -0.0047873495     0.0161055257     0.0000000000
1 O     0.0083073823    -0.0167512152    -0.0000000000
2 C     0.0017886439    -0.0254422462    -0.0000000000
3 C    -0.0051579132     0.0251275848     0.0000000000
4 C    -0.0029960251    -0.0008420228     0.0000000000
5 C    -0.0004353045    -0.0010017494    -0.0000000000
6 C     0.0005991789    -0.0011084066    -0.0000000000
7 C     0.0025211069     0.0030255278    -0.0000000000
8 H    -0.0036423095    -0.0032924852    -0.0000000000
9 H    -0.0027908923     0.0031491635     0.0000000000
10 H     0.0030469708    -0.0030174464    -0.0000000000
11 H     0.0036823628     0.0031713584     0.0000000000
12 H     0.0043031315     0.0026419912    -0.0000000000
13 H    -0.0044389830    -0.0017655796     0.0000000000
----------------------------------------------
cycle 9: E = -380.419185437  dE = -0.00150745  norm(grad) = 0.0458317

Geometry optimization cycle 10
Cartesian coordinates (Angstrom)
 Atom        New coordinates             dX        dY        dZ
   O   2.797505   2.763735   0.000000    0.002269 -0.000034  0.000000
   O   2.943829  -2.762650  -0.000000   -0.005174  0.000160 -0.000000
   C   2.857150   1.384812   0.000000   -0.001897  0.002654  0.000000
   C   2.870381  -1.383840   0.000000    0.002957 -0.002342 -0.000000
   C   4.054668   0.695878   0.000000    0.002840  0.005628  0.000000
   C   4.061500  -0.687250   0.000000    0.001984  0.003006 -0.000000
   C   1.666354   0.688385   0.000000   -0.001041 -0.002543  0.000000
   C   1.672785  -0.694719   0.000000   -0.001651 -0.005147  0.000000
   H   4.987534   1.225924   0.000000    0.001648  0.012177  0.000000
   H   4.988236  -1.223865  -0.000000    0.002282 -0.000534 -0.000000
   H   0.739934   1.225336   0.000000   -0.001623  0.000530  0.000000
   H   0.739876  -1.224760   0.000000   -0.000557 -0.011530  0.000000
   H   3.673122   3.135979   0.000000    0.005309 -0.007778  0.000000
   H   2.071626  -3.142965  -0.000000   -0.007346  0.005753 -0.000000
converged SCF energy = -380.419653152132
--------------- RHF_Scanner gradients ---------------
         x                y                z
0 O    -0.0038234996     0.0147388505     0.0000000000
1 O     0.0060892160    -0.0151166205    -0.0000000000
2 C    -0.0002417763    -0.0209188535    -0.0000000000
3 C    -0.0020427930     0.0207622688     0.0000000000
4 C    -0.0004771735     0.0007358342     0.0000000000
5 C    -0.0014565666    -0.0001890959    -0.0000000000
6 C     0.0015594055    -0.0012757233    -0.0000000000
7 C     0.0001914265     0.0010462252     0.0000000000
8 H    -0.0024172831    -0.0017904626    -0.0000000000
9 H    -0.0018094644     0.0019495310     0.0000000000
10 H     0.0019910950    -0.0018842381    -0.0000000000
11 H     0.0024228896     0.0017192875     0.0000000000
12 H     0.0043290962     0.0018974213    -0.0000000000
13 H    -0.0043145724    -0.0016744245     0.0000000000
----------------------------------------------
cycle 10: E = -380.419653152  dE = -0.000467715  norm(grad) = 0.0381404

Geometry optimization cycle 11
Cartesian coordinates (Angstrom)
 Atom        New coordinates             dX        dY        dZ
   O   2.795793   2.754252   0.000000   -0.001711 -0.009483 -0.000000
   O   2.938833  -2.752934  -0.000000   -0.004995  0.009717  0.000000
   C   2.858614   1.387494   0.000000    0.001464  0.002682 -0.000000
   C   2.872249  -1.386222   0.000000    0.001867 -0.002383  0.000000
   C   4.061565   0.699697   0.000000    0.006896  0.003819  0.000000
   C   4.065678  -0.688105   0.000000    0.004178 -0.000855  0.000000
   C   1.666031   0.688064   0.000000   -0.000324 -0.000321 -0.000000
   C   1.668644  -0.699815   0.000000   -0.004141 -0.005097  0.000000
   H   4.992896   1.239449   0.000000    0.005361  0.013525  0.000000
   H   4.988572  -1.237351  -0.000000    0.000336 -0.013486  0.000000
   H   0.742625   1.236332   0.000000    0.002691  0.010995 -0.000000
   H   0.737300  -1.239629   0.000000   -0.002576 -0.014869  0.000000
   H   3.665796   3.131609   0.000000   -0.007326 -0.004370 -0.000000
   H   2.069903  -3.132841  -0.000000   -0.001723  0.010123  0.000000
converged SCF energy = -380.420338557764
--------------- RHF_Scanner gradients ---------------
         x                y                z
0 O    -0.0005364764     0.0068036555     0.0000000000
1 O     0.0011265689    -0.0067000461    -0.0000000000
2 C    -0.0017078787    -0.0088317444    -0.0000000000
3 C     0.0011525326     0.0097109933     0.0000000000
4 C     0.0020368155     0.0026631851     0.0000000000
5 C    -0.0012629795    -0.0013700506    -0.0000000000
6 C     0.0020316579     0.0006301407    -0.0000000000
7 C    -0.0027888172    -0.0027133537    -0.0000000000
8 H    -0.0006222526     0.0005311886     0.0000000000
9 H    -0.0005171286    -0.0003986793     0.0000000000
10 H     0.0005735842     0.0002510373     0.0000000000
11 H     0.0005417420    -0.0006083073    -0.0000000000
12 H     0.0012545627     0.0004608146    -0.0000000000
13 H    -0.0012819308    -0.0004288335     0.0000000000
----------------------------------------------
cycle 11: E = -380.420338558  dE = -0.000685406  norm(grad) = 0.0175906

Geometry optimization cycle 12
Cartesian coordinates (Angstrom)
 Atom        New coordinates             dX        dY        dZ
   O   2.793168   2.750322   0.000000   -0.002625 -0.003930  0.000000
   O   2.937323  -2.749602  -0.000000   -0.001511  0.003332 -0.000000
   C   2.859955   1.389291   0.000000    0.001341  0.001797  0.000000
   C   2.872880  -1.388447   0.000000    0.000632 -0.002225 -0.000000
   C   4.061780   0.698130   0.000000    0.000216 -0.001567  0.000000
   C   4.067163  -0.690051   0.000000    0.001485 -0.001946 -0.000000
   C   1.666373   0.689583   0.000000    0.000342  0.001519  0.000000
   C   1.670481  -0.698711   0.000000    0.001837  0.001104  0.000000
   H   4.993924   1.237588   0.000000    0.001028 -0.001861  0.000000
   H   4.989477  -1.241059  -0.000000    0.000905 -0.003708 -0.000000
   H   0.743521   1.239641   0.000000    0.000895  0.003310  0.000000
   H   0.738346  -1.238230   0.000000    0.001046  0.001399  0.000000
   H   3.659270   3.132581   0.000000   -0.006526  0.000972  0.000000
   H   2.070838  -3.131036  -0.000000    0.000935  0.001805 -0.000000
converged SCF energy = -380.420474105581
--------------- RHF_Scanner gradients ---------------
         x                y                z
0 O     0.0003620197     0.0031154376     0.0000000000
1 O    -0.0007946969    -0.0028983226    -0.0000000000
2 C    -0.0006055020    -0.0034883252    -0.0000000000
3 C     0.0010317694     0.0044805777     0.0000000000
4 C     0.0012539784     0.0017860243     0.0000000000
5 C    -0.0001544792    -0.0012347863    -0.0000000000
6 C     0.0008539753     0.0012000093     0.0000000000
7 C    -0.0018337210    -0.0026419667    -0.0000000000
8 H    -0.0003685059     0.0006756119     0.0000000000
9 H    -0.0004262665    -0.0008574473    -0.0000000000
10 H     0.0004190130     0.0007015051     0.0000000000
11 H     0.0002882995    -0.0007194321    -0.0000000000
12 H    -0.0004421908    -0.0002752238    -0.0000000000
13 H     0.0004163069     0.0001563380    -0.0000000000
----------------------------------------------
cycle 12: E = -380.420474106  dE = -0.000135548  norm(grad) = 0.0086379

Geometry optimization cycle 13
Cartesian coordinates (Angstrom)
 Atom        New coordinates             dX        dY        dZ
   O   2.792996   2.749083   0.000000   -0.000172 -0.001238  0.000000
   O   2.937248  -2.748957  -0.000000   -0.000075  0.000645 -0.000000
   C   2.859972   1.391064   0.000000    0.000017  0.001773  0.000000
   C   2.872990  -1.390816   0.000000    0.000110 -0.002369 -0.000000
   C   4.059872   0.696515   0.000000   -0.001909 -0.001615  0.000000
   C   4.067002  -0.690982   0.000000   -0.000161 -0.000931 -0.000000
   C   1.666177   0.690652   0.000000   -0.000196  0.001069  0.000000
   C   1.672922  -0.696924   0.000000    0.002442  0.001786 -0.000000
   H   4.993727   1.232917   0.000000   -0.000197 -0.004671  0.000000
   H   4.991088  -1.238767  -0.000000    0.001611  0.002292 -0.000000
   H   0.741817   1.237985   0.000000   -0.001704 -0.001656  0.000000
   H   0.739089  -1.233356   0.000000    0.000743  0.004873 -0.000000
   H   3.657648   3.132898   0.000000   -0.001622  0.000317  0.000000
   H   2.071952  -3.131311  -0.000000    0.001114 -0.000275 -0.000000
converged SCF energy = -380.42052865753
--------------- RHF_Scanner gradients ---------------
         x                y                z
0 O     0.0008564010     0.0011059248     0.0000000000
1 O    -0.0013137323    -0.0010055270     0.0000000000
2 C     0.0001922689    -0.0006957930    -0.0000000000
3 C     0.0002461003     0.0011935463     0.0000000000
4 C     0.0003057641     0.0007950252     0.0000000000
5 C     0.0005208478    -0.0007031893    -0.0000000000
6 C    -0.0002994123     0.0008862909     0.0000000000
7 C    -0.0004436649    -0.0014272756    -0.0000000000
8 H    -0.0003169903     0.0002962872     0.0000000000
9 H    -0.0003967244    -0.0006189135    -0.0000000000
10 H     0.0003677361     0.0005490328     0.0000000000
11 H     0.0002900046    -0.0003002329    -0.0000000000
12 H    -0.0011997360    -0.0005643743     0.0000000000
13 H     0.0011911374     0.0004891983    -0.0000000000
----------------------------------------------
cycle 13: E = -380.420528658  dE = -5.45519e-05  norm(grad) = 0.00400696

Geometry optimization cycle 14
Cartesian coordinates (Angstrom)
 Atom        New coordinates             dX        dY        dZ
   O   2.794059   2.749482   0.000000    0.001063  0.000399  0.000000
   O   2.937372  -2.749590  -0.000000    0.000125 -0.000633 -0.000000
   C   2.859508   1.392188   0.000000   -0.000464  0.001124  0.000000
   C   2.872869  -1.392241   0.000000   -0.000121 -0.001425 -0.000000
   C   4.058422   0.696011   0.000000   -0.001450 -0.000505  0.000000
   C   4.066210  -0.690840   0.000000   -0.000791  0.000142  0.000000
   C   1.666064   0.690787   0.000000   -0.000113  0.000135 -0.000000
   C   1.674066  -0.696095   0.000000    0.001144  0.000829 -0.000000
   H   4.993687   1.229781   0.000000   -0.000039 -0.003136  0.000000
   H   4.992579  -1.234519  -0.000000    0.001492  0.004248  0.000000
   H   0.739653   1.234429   0.000000   -0.002164 -0.003556 -0.000000
   H   0.738821  -1.229867   0.000000   -0.000268  0.003489 -0.000000
   H   3.659124   3.132646   0.000000    0.001476 -0.000251  0.000000
   H   2.072064  -3.132172  -0.000000    0.000112 -0.000861 -0.000000
converged SCF energy = -380.420544926641
--------------- RHF_Scanner gradients ---------------
         x                y                z
0 O     0.0009016251     0.0005299851     0.0000000000
1 O    -0.0010656655    -0.0005384383    -0.0000000000
2 C     0.0002940048     0.0000308858    -0.0000000000
3 C    -0.0001517117     0.0000362502    -0.0000000000
4 C     0.0000322060     0.0002972647     0.0000000000
5 C     0.0004985785    -0.0002469452    -0.0000000000
6 C    -0.0006145727     0.0003581436     0.0000000000
7 C     0.0001064010    -0.0004716658    -0.0000000000
8 H    -0.0002487960    -0.0000263748     0.0000000000
9 H    -0.0002692690    -0.0001962560    -0.0000000000
10 H     0.0002466980     0.0002004526    -0.0000000000
11 H     0.0002608506     0.0000420924     0.0000000000
12 H    -0.0010888897    -0.0004850124    -0.0000000000
13 H     0.0010985407     0.0004696182     0.0000000000
----------------------------------------------
cycle 14: E = -380.420544927  dE = -1.62691e-05  norm(grad) = 0.00263866

Geometry optimization cycle 15
Cartesian coordinates (Angstrom)
 Atom        New coordinates             dX        dY        dZ
   O   2.794738   2.749920   0.000000    0.000679  0.000438  0.000000
   O   2.937400  -2.750000  -0.000000    0.000028 -0.000411 -0.000000
   C   2.859281   1.392567   0.000000   -0.000227  0.000380  0.000000
   C   2.872750  -1.392635   0.000000   -0.000119 -0.000394 -0.000000
   C   4.058070   0.696097   0.000000   -0.000353  0.000086  0.000000
   C   4.065735  -0.690519   0.000000   -0.000476  0.000321  0.000000
   C   1.666166   0.690561   0.000000    0.000102 -0.000226 -0.000000
   C   1.674093  -0.696065   0.000000    0.000028  0.000031 -0.000000
   H   4.993956   1.228846   0.000000    0.000268 -0.000935  0.000000
   H   4.993363  -1.232073  -0.000000    0.000784  0.002446  0.000000
   H   0.738569   1.232199   0.000000   -0.001084 -0.002230 -0.000000
   H   0.738224  -1.228810   0.000000   -0.000597  0.001057 -0.000000
   H   3.660452   3.132451   0.000000    0.001328 -0.000195  0.000000
   H   2.071703  -3.132539  -0.000000   -0.000361 -0.000368 -0.000000
converged SCF energy = -380.420548376818
--------------- RHF_Scanner gradients ---------------
         x                y                z
0 O     0.0007064628     0.0004458945    -0.0000000000
1 O    -0.0006975049    -0.0004802071     0.0000000000
2 C     0.0001405254     0.0000210145    -0.0000000000
3 C    -0.0001669935    -0.0000604095    -0.0000000000
4 C     0.0001316142     0.0001827577    -0.0000000000
5 C     0.0002697626    -0.0001015181    -0.0000000000
6 C    -0.0004202844     0.0001060079     0.0000000000
7 C     0.0000155845    -0.0001626117     0.0000000000
8 H    -0.0001634163    -0.0001196429    -0.0000000000
9 H    -0.0001306483     0.0000380541     0.0000000000
10 H     0.0001205525    -0.0000145077    -0.0000000000
11 H     0.0001815446     0.0001334525    -0.0000000000
12 H    -0.0007323180    -0.0003208493     0.0000000000
13 H     0.0007451188     0.0003325649    -0.0000000000
----------------------------------------------
cycle 15: E = -380.420548377  dE = -3.45018e-06  norm(grad) = 0.00180144

Geometry optimization cycle 16
Cartesian coordinates (Angstrom)
 Atom        New coordinates             dX        dY        dZ
   O   2.794844   2.750006   0.000000    0.000106  0.000085  0.000000
   O   2.937381  -2.750019  -0.000000   -0.000019 -0.000019 -0.000000
   C   2.859265   1.392604   0.000000   -0.000016  0.000037  0.000000
   C   2.872724  -1.392613   0.000000   -0.000027  0.000022 -0.000000
   C   4.058133   0.696200   0.000000    0.000063  0.000103  0.000000
   C   4.065640  -0.690387   0.000000   -0.000094  0.000132 -0.000000
   C   1.666286   0.690414   0.000000    0.000120 -0.000147  0.000000
   C   1.673922  -0.696178   0.000000   -0.000171 -0.000113 -0.000000
   H   4.994156   1.228846   0.000000    0.000201  0.000000  0.000000
   H   4.993622  -1.231441  -0.000000    0.000259  0.000632 -0.000000
   H   0.738327   1.231527   0.000000   -0.000242 -0.000672  0.000000
   H   0.737912  -1.228826   0.000000   -0.000312 -0.000016 -0.000000
   H   3.660872   3.132446   0.000000    0.000420 -0.000004 -0.000000
   H   2.071415  -3.132579  -0.000000   -0.000288 -0.000040 -0.000000
converged SCF energy = -380.420549128535
--------------- RHF_Scanner gradients ---------------
         x                y                z
0 O     0.0004863299     0.0003724073     0.0000000000
1 O    -0.0004564000    -0.0003920001     0.0000000000
2 C     0.0000504984    -0.0000194433    -0.0000000000
3 C    -0.0000910042     0.0000164332    -0.0000000000
4 C     0.0002018729     0.0001610402    -0.0000000000
5 C     0.0001428514    -0.0000956797     0.0000000000
6 C    -0.0002216028     0.0000632935    -0.0000000000
7 C    -0.0001287763    -0.0001396511    -0.0000000000
8 H    -0.0001061487    -0.0001037383     0.0000000000
9 H    -0.0000552403     0.0000903073     0.0000000000
10 H     0.0000510331    -0.0000739002     0.0000000000
11 H     0.0001171455     0.0001110312     0.0000000000
12 H    -0.0004666348    -0.0002053169    -0.0000000000
13 H     0.0004760758     0.0002152169    -0.0000000000
----------------------------------------------
cycle 16: E = -380.420549129  dE = -7.51717e-07  norm(grad) = 0.00123868

Geometry optimization cycle 17
Cartesian coordinates (Angstrom)
 Atom        New coordinates             dX        dY        dZ
   O   2.794775   2.749931   0.000000   -0.000069 -0.000075  0.000000
   O   2.937381  -2.749899  -0.000000   -0.000000  0.000121 -0.000000
   C   2.859288   1.392563   0.000000    0.000022 -0.000042  0.000000
   C   2.872738  -1.392524   0.000000    0.000014  0.000089 -0.000000
   C   4.058210   0.696236   0.000000    0.000078  0.000036  0.000000
   C   4.065654  -0.690342   0.000000    0.000014  0.000045 -0.000000
   C   1.666378   0.690338   0.000000    0.000092 -0.000076  0.000000
   C   1.673815  -0.696243   0.000000   -0.000108 -0.000065 -0.000000
   H   4.994250   1.229007   0.000000    0.000093  0.000160  0.000000
   H   4.993710  -1.231377  -0.000000    0.000088  0.000064 -0.000000
   H   0.738320   1.231379   0.000000   -0.000007 -0.000148  0.000000
   H   0.737786  -1.229021   0.000000   -0.000126 -0.000195 -0.000000
   H   3.661008   3.132488   0.000000    0.000137  0.000042  0.000000
   H   2.071187  -3.132537  -0.000000   -0.000228  0.000042  0.000000
converged SCF energy = -380.420549541319
--------------- RHF_Scanner gradients ---------------
         x                y                z
0 O     0.0002412147     0.0002302284     0.0000000000
1 O    -0.0002259365    -0.0002342130     0.0000000000
2 C     0.0000058730    -0.0000136397     0.0000000000
3 C    -0.0000272151     0.0000540402    -0.0000000000
4 C     0.0001984866     0.0001262651     0.0000000000
5 C     0.0000731229    -0.0000984880     0.0000000000
6 C    -0.0000734885     0.0000608911    -0.0000000000
7 C    -0.0001989467    -0.0001339943     0.0000000000
8 H    -0.0000613844    -0.0000656641    -0.0000000000
9 H    -0.0000108241     0.0000831864    -0.0000000000
10 H     0.0000098827    -0.0000791004    -0.0000000000
11 H     0.0000647977     0.0000665559    -0.0000000000
12 H    -0.0002188731    -0.0000978802     0.0000000000
13 H     0.0002232908     0.0001018126    -0.0000000000
----------------------------------------------
cycle 17: E = -380.420549541  dE = -4.12784e-07  norm(grad) = 0.000711206
converged SCF energy = -380.420549541327
converged SCF energy = -375.609027211148  <S^2> = 0.7501552  2S+1 = 2.0001552

Geometry optimization cycle 1
Cartesian coordinates (Angstrom)
 Atom        New coordinates             dX        dY        dZ
   O   2.866000   2.000000   0.000000    0.000000  0.000000  0.000000
   O   2.866000  -2.000000   0.000000    0.000000  0.000000  0.000000
   C   2.866000   1.000000   0.000000    0.000000  0.000000  0.000000
   C   2.866000  -1.000000   0.000000    0.000000  0.000000  0.000000
   C   3.732100   0.500000   0.000000    0.000000  0.000000  0.000000
   C   3.732100  -0.500000   0.000000    0.000000  0.000000  0.000000
   C   2.000000   0.500000   0.000000    0.000000  0.000000  0.000000
   C   2.000000  -0.500000   0.000000    0.000000  0.000000  0.000000
   H   4.269000   0.810000   0.000000    0.000000  0.000000  0.000000
   H   4.269000  -0.810000   0.000000    0.000000  0.000000  0.000000
   H   1.463100   0.810000   0.000000    0.000000  0.000000  0.000000
   H   1.463100  -0.810000   0.000000    0.000000  0.000000  0.000000
   H   3.403000   2.310000   0.000000    0.000000  0.000000  0.000000
   H   2.329100  -2.310000   0.000000    0.000000  0.000000  0.000000
converged SCF energy = -375.609027200826  <S^2> = 0.7501552  2S+1 = 2.0001552
--------------- UHF_Scanner gradients ---------------
         x                y                z
0 O     1.1480040165    -0.5281472077    -0.0000000000
1 O    -1.1487459141     0.5276068837    -0.0000000000
2 C     0.0060139587    -0.2151894390    -0.0000000000
3 C    -0.0069146119     0.2152026512     0.0000000000
4 C     0.2164966883     0.2024397898     0.0000000000
5 C     0.2114552879    -0.2010720443    -0.0000000000
6 C    -0.2109973226     0.2013344853     0.0000000000
7 C    -0.2160395561    -0.2027000176    -0.0000000000
8 H    -1.3140627405    -0.7599943264    -0.0000000000
9 H    -1.3115844891     0.7667758713    -0.0000000000
10 H     1.3115859407    -0.7667571771     0.0000000000
11 H     1.3140646479     0.7599754112    -0.0000000000
12 H    -1.1523452273    -0.6883010662    -0.0000000000
13 H     1.1530693224     0.6888261862     0.0000000000
----------------------------------------------
cycle 1: E = -375.609027201  dE = -375.609  norm(grad) = 4.0576

Geometry optimization cycle 2
Cartesian coordinates (Angstrom)
 Atom        New coordinates             dX        dY        dZ
   O   2.854017   2.106095  -0.000000   -0.011983  0.106095 -0.000000
   O   2.874006  -2.105666   0.000000    0.008006 -0.105666  0.000000
   C   2.862790   1.031590  -0.000000   -0.003210  0.031590 -0.000000
   C   2.871224  -1.031129   0.000000    0.005224 -0.031129  0.000000
   C   3.753530   0.515112   0.000000    0.021430  0.015112  0.000000
   C   3.757439  -0.508785   0.000000    0.025339 -0.008785  0.000000
   C   1.976958   0.508000  -0.000000   -0.023042  0.008000 -0.000000
   C   1.980195  -0.516500  -0.000000   -0.019805 -0.016500 -0.000000
   H   4.371669   0.874344   0.000000    0.102669  0.064344  0.000000
   H   4.378255  -0.863526   0.000000    0.109255 -0.053526  0.000000
   H   1.356107   0.862678  -0.000000   -0.106993  0.052678 -0.000000
   H   1.362213  -0.876001  -0.000000   -0.100887 -0.066001 -0.000000
   H   3.459326   2.465647  -0.000000    0.056326  0.155647 -0.000000
   H   2.266772  -2.461859   0.000000   -0.062328 -0.151859  0.000000
converged SCF energy = -377.395373612718  <S^2> = 0.75018628  2S+1 = 2.0001863
--------------- UHF_Scanner gradients ---------------
         x                y                z
0 O     0.6013636486    -0.3983165493     0.0000000000
1 O    -0.6028324965     0.4024614306    -0.0000000000
2 C    -0.0080540237    -0.4271482209     0.0000000000
3 C     0.0052982190     0.4299715681    -0.0000000000
4 C    -0.1968325686    -0.0984194893    -0.0000000000
5 C    -0.2069771770     0.1008507649     0.0000000000
6 C     0.2059885917    -0.0961907882     0.0000000000
7 C     0.2003396824     0.0899140768     0.0000000000
8 H    -0.7253142972    -0.4212276605    -0.0000000000
9 H    -0.7267517181     0.4209344358    -0.0000000000
10 H     0.7268305208    -0.4208527940     0.0000000000
11 H     0.7249520902     0.4213056788     0.0000000000
12 H    -0.5902368617    -0.3580153955    -0.0000000000
13 H     0.5922263902     0.3547329431     0.0000000000
----------------------------------------------
cycle 2: E = -377.395373613  dE = -1.78635  norm(grad) = 2.32054

Geometry optimization cycle 3
Cartesian coordinates (Angstrom)
 Atom        New coordinates             dX        dY        dZ
   O   2.839748   2.291534   0.000000   -0.014268  0.185439  0.000000
   O   2.893255  -2.288988   0.000000    0.019249 -0.183321  0.000000
   C   2.868808   1.118737   0.000000    0.006018  0.087147  0.000000
   C   2.863159  -1.115994   0.000000   -0.008065 -0.084865  0.000000
   C   3.821237   0.547986  -0.000000    0.067707  0.032874 -0.000000
   C   3.819519  -0.556121  -0.000000    0.062080 -0.047336 -0.000000
   C   1.913343   0.554849   0.000000   -0.063615  0.046848  0.000000
   C   1.908838  -0.550062   0.000000   -0.071357 -0.033562  0.000000
   H   4.525605   0.949513  -0.000000    0.153936  0.075169 -0.000000
   H   4.520754  -0.963627  -0.000000    0.142498 -0.100101 -0.000000
   H   1.211973   0.962137   0.000000   -0.144134  0.099459  0.000000
   H   1.204797  -0.952008   0.000000   -0.157416 -0.076007  0.000000
   H   3.501863   2.693040  -0.000000    0.042538  0.227393 -0.000000
   H   2.231600  -2.690995   0.000000   -0.035172 -0.229136  0.000000
converged SCF energy = -378.987070908638  <S^2> = 0.75019149  2S+1 = 2.0001915
--------------- UHF_Scanner gradients ---------------
         x                y                z
0 O     0.3306527614    -0.1564275586    -0.0000000000
1 O    -0.3256748740     0.1853905691     0.0000000000
2 C    -0.0122609030    -0.3525290975     0.0000000000
3 C     0.0154873921     0.3314427399    -0.0000000000
4 C    -0.1844440792    -0.1046224101     0.0000000000
5 C    -0.1785399068     0.0959403294     0.0000000000
6 C     0.1815557987    -0.1019525133    -0.0000000000
7 C     0.1712424235     0.1051642136    -0.0000000000
8 H    -0.3833462619    -0.2172819685     0.0000000000
9 H    -0.3842395631     0.2239736168     0.0000000000
10 H     0.3831295312    -0.2261263037    -0.0000000000
11 H     0.3904403116     0.2216095357    -0.0000000000
12 H    -0.3192188905    -0.1903869327     0.0000000000
13 H     0.3152162600     0.1858057801    -0.0000000000
----------------------------------------------
cycle 3: E = -378.987070909  dE = -1.5917  norm(grad) = 1.31986

Geometry optimization cycle 4
Cartesian coordinates (Angstrom)
 Atom        New coordinates             dX        dY        dZ
   O   2.830064   2.483997   0.000000   -0.009684  0.192463  0.000000
   O   2.832835  -2.515294  -0.000000   -0.060420 -0.226307 -0.000000
   C   2.841810   1.213365   0.000000   -0.026998  0.094629  0.000000
   C   2.923999  -1.238758  -0.000000    0.060840 -0.122764 -0.000000
   C   3.932096   0.649718   0.000000    0.110858  0.101731  0.000000
   C   3.952568  -0.573132   0.000000    0.133049 -0.017011  0.000000
   C   1.800577   0.568090  -0.000000   -0.112767  0.013241 -0.000000
   C   1.845979  -0.656177  -0.000000   -0.062858 -0.106115 -0.000000
   H   4.718270   1.132983   0.000000    0.192665  0.183470  0.000000
   H   4.772123  -1.001316   0.000000    0.251369 -0.037689  0.000000
   H   0.987051   1.007744  -0.000000   -0.224922  0.045607 -0.000000
   H   1.057651  -1.141761  -0.000000   -0.147146 -0.189752 -0.000000
   H   3.621263   2.820653   0.000000    0.119399  0.127613  0.000000
   H   2.008214  -2.750113  -0.000000   -0.223386 -0.059118 -0.000000
converged SCF energy = -380.002175724055  <S^2> = 0.75025411  2S+1 = 2.0002541
--------------- UHF_Scanner gradients ---------------
         x                y                z
0 O     0.1464961307    -0.0663007979     0.0000000000
1 O    -0.1548416050     0.0938487164    -0.0000000000
2 C    -0.0126244306    -0.1724615482    -0.0000000000
3 C     0.0217525238     0.1521704067     0.0000000000
4 C    -0.0685867984    -0.0334531138    -0.0000000000
5 C    -0.0882631026     0.0662297001    -0.0000000000
6 C     0.0845746224    -0.0458971684     0.0000000000
7 C     0.0720178669     0.0219829178     0.0000000000
8 H    -0.1494814651    -0.0908243363    -0.0000000000
9 H    -0.1597139181     0.0851632692    -0.0000000000
10 H     0.1563721617    -0.0869703198     0.0000000000
11 H     0.1528386658     0.0924651946     0.0000000000
12 H    -0.1273559088    -0.0591874007    -0.0000000000
13 H     0.1268152572     0.0432344805     0.0000000000
----------------------------------------------
cycle 4: E = -380.002175724  dE = -1.0151  norm(grad) = 0.556826

Geometry optimization cycle 5
Cartesian coordinates (Angstrom)
 Atom        New coordinates             dX        dY        dZ
   O   2.733382   2.615883   0.000000   -0.096682  0.131886 -0.000000
   O   3.147084  -2.569126  -0.000000    0.314249 -0.053831  0.000000
   C   2.913151   1.295369   0.000000    0.071341  0.082004 -0.000000
   C   2.745535  -1.282596  -0.000000   -0.178463 -0.043839 -0.000000
   C   3.992749   0.561596   0.000000    0.060654 -0.088121  0.000000
   C   3.926795  -0.740603   0.000000   -0.025773 -0.167471 -0.000000
   C   1.733565   0.738337  -0.000000   -0.067011  0.170247 -0.000000
   C   1.658813  -0.568667  -0.000000   -0.187166  0.087511 -0.000000
   H   4.894006   0.990970   0.000000    0.175736 -0.142013  0.000000
   H   4.761633  -1.295414   0.000000   -0.010490 -0.294098  0.000000
   H   0.909930   1.308839  -0.000000   -0.077121  0.301094 -0.000000
   H   0.753522  -1.001902  -0.000000   -0.304129  0.139859 -0.000000
   H   3.523748   3.078714   0.000000   -0.097515  0.258061 -0.000000
   H   2.430585  -3.131402  -0.000000    0.422371 -0.381289  0.000000
converged SCF energy = -380.236606727887  <S^2> = 0.75052817  2S+1 = 2.0005281
--------------- UHF_Scanner gradients ---------------
         x                y                z
0 O     0.0050070308    -0.0149923451     0.0000000000
1 O     0.0401344459     0.0608551420     0.0000000000
2 C     0.0429613305    -0.0942516486    -0.0000000000
3 C    -0.0675235707     0.0752824254    -0.0000000000
4 C    -0.0647999755    -0.0325102915    -0.0000000000
5 C    -0.0245118790    -0.0674123084    -0.0000000000
6 C     0.0178538016     0.0125157017     0.0000000000
7 C     0.0528418325     0.0509379797     0.0000000000
8 H    -0.0611491928    -0.0347904721    -0.0000000000
9 H    -0.0522694648     0.0350862742    -0.0000000000
10 H     0.0545979496    -0.0377756193     0.0000000000
11 H     0.0639781030     0.0329116813     0.0000000000
12 H    -0.0429468962    -0.0262791131    -0.0000000000
13 H     0.0358264850     0.0404225938     0.0000000000
----------------------------------------------
cycle 5: E = -380.236606728  dE = -0.234431  norm(grad) = 0.258327

Geometry optimization cycle 6
Cartesian coordinates (Angstrom)
 Atom        New coordinates             dX        dY        dZ
   O   2.784333   2.819080   0.000000    0.050951  0.203198 -0.000000
   O   2.738650  -2.865604  -0.000000   -0.408434 -0.296478 -0.000000
   C   2.864297   1.422681   0.000000   -0.048854  0.127311 -0.000000
   C   2.959942  -1.457004  -0.000000    0.214406 -0.174408 -0.000000
   C   4.092465   0.748756   0.000000    0.099716  0.187159  0.000000
   C   4.090644  -0.637894   0.000000    0.163849  0.102709  0.000000
   C   1.716396   0.633615  -0.000000   -0.017170 -0.104722 -0.000000
   C   1.748658  -0.756629  -0.000000    0.089844 -0.187962 -0.000000
   H   5.012455   1.316878   0.000000    0.118448  0.325908  0.000000
   H   5.056704  -1.134789   0.000000    0.295071  0.160624  0.000000
   H   0.764139   1.155625  -0.000000   -0.145791 -0.153213 -0.000000
   H   0.815545  -1.318250  -0.000000    0.062023 -0.316348 -0.000000
   H   3.656332   3.256524   0.000000    0.132584  0.177810 -0.000000
   H   1.823941  -3.182991  -0.000000   -0.606645 -0.051589 -0.000000
converged SCF energy = -380.312908905337  <S^2> = 0.8174389  2S+1 = 2.0663387
--------------- UHF_Scanner gradients ---------------
         x                y                z
0 O    -0.0126968136     0.0025686208    -0.0000000000
1 O    -0.0455009087    -0.0004136612    -0.0000000000
2 C    -0.0021868316     0.0154102090     0.0000000000
3 C     0.0634965261    -0.0192221142     0.0000000000
4 C     0.0100622450    -0.0675516688    -0.0000000000
5 C    -0.0325621170     0.1120741362     0.0000000000
6 C     0.0107286484    -0.0827526155    -0.0000000000
7 C     0.0107214168     0.0457620230     0.0000000000
8 H    -0.0010676798     0.0053751539     0.0000000000
9 H     0.0015635206    -0.0017356940     0.0000000000
10 H    -0.0026889267     0.0036401148    -0.0000000000
11 H    -0.0037288987    -0.0058401795    -0.0000000000
12 H     0.0232396168     0.0250271235     0.0000000000
13 H    -0.0193797975    -0.0323414480    -0.0000000000
----------------------------------------------
cycle 6: E = -380.312908905  dE = -0.0763022  norm(grad) = 0.192436

Geometry optimization cycle 7
Cartesian coordinates (Angstrom)
 Atom        New coordinates             dX        dY        dZ
   O   2.856434   2.783928   0.000000    0.072101 -0.035152  0.000000
   O   2.913486  -2.816406  -0.000000    0.174835  0.049197 -0.000000
   C   2.812068   1.391564   0.000000   -0.052229 -0.031116  0.000000
   C   2.901539  -1.397471  -0.000000   -0.058403  0.059533 -0.000000
   C   4.050091   0.753148   0.000000   -0.042374  0.004392  0.000000
   C   4.067043  -0.642546   0.000000   -0.023601 -0.004652 -0.000000
   C   1.635481   0.660296  -0.000000   -0.080914  0.026680 -0.000000
   C   1.675582  -0.737944  -0.000000   -0.073076  0.018685 -0.000000
   H   4.972060   1.314069   0.000000   -0.040394 -0.002809  0.000000
   H   5.027802  -1.144219   0.000000   -0.028902 -0.009430 -0.000000
   H   0.687274   1.184252  -0.000000   -0.076865  0.028626 -0.000000
   H   0.742578  -1.294413  -0.000000   -0.072967  0.023836 -0.000000
   H   3.792640   3.038588   0.000000    0.136308 -0.217936  0.000000
   H   1.990422  -3.092846  -0.000000    0.166481  0.090146 -0.000000
converged SCF energy = -380.339962844749  <S^2> = 0.82230541  2S+1 = 2.0710436
--------------- UHF_Scanner gradients ---------------
         x                y                z
0 O    -0.0052813818     0.0015036811    -0.0000000000
1 O     0.0086252878    -0.0243785885    -0.0000000000
2 C    -0.0163273988    -0.0053697820    -0.0000000000
3 C     0.0035841451     0.0044837209     0.0000000000
4 C     0.0092709316    -0.0341526359    -0.0000000000
5 C    -0.0173535361     0.0692920744     0.0000000000
6 C     0.0049131314    -0.0649625024    -0.0000000000
7 C     0.0077421487     0.0482862856     0.0000000000
8 H     0.0003836837     0.0000351121     0.0000000000
9 H     0.0044947276     0.0020297650     0.0000000000
10 H    -0.0036725076     0.0017299308    -0.0000000000
11 H    -0.0040956213    -0.0009429347    -0.0000000000
12 H     0.0257712964     0.0079523787     0.0000000000
13 H    -0.0180549067    -0.0055065050    -0.0000000000
----------------------------------------------
cycle 7: E = -380.339962845  dE = -0.0270539  norm(grad) = 0.123127

Geometry optimization cycle 8
Cartesian coordinates (Angstrom)
 Atom        New coordinates             dX        dY        dZ
   O   2.726274   2.743754   0.000000   -0.130161 -0.040174 -0.000000
   O   2.934904  -2.779106  -0.000000    0.021419  0.037300 -0.000000
   C   2.869046   1.363697   0.000000    0.056979 -0.027867  0.000000
   C   2.895063  -1.370087  -0.000000   -0.006477  0.027384 -0.000000
   C   4.085729   0.699200   0.000000    0.035637 -0.053948  0.000000
   C   4.108440  -0.706593   0.000000    0.041398 -0.064047  0.000000
   C   1.657304   0.703289  -0.000000    0.021822  0.042994  0.000000
   C   1.680689  -0.706762  -0.000000    0.005108  0.031182 -0.000000
   H   5.018070   1.237256   0.000000    0.046010 -0.076814  0.000000
   H   5.042581  -1.249064   0.000000    0.014780 -0.104845 -0.000000
   H   0.728321   1.253279  -0.000000    0.041046  0.069027  0.000000
   H   0.741086  -1.244597  -0.000000   -0.001492  0.049816 -0.000000
   H   3.627337   3.080955   0.000000   -0.165303  0.042367 -0.000000
   H   2.009656  -3.025221  -0.000000    0.019234  0.067625 -0.000000
converged SCF energy = -380.344438670994  <S^2> = 0.82642523  2S+1 = 2.0750183
--------------- UHF_Scanner gradients ---------------
         x                y                z
0 O    -0.0401654750    -0.0006391251    -0.0000000000
1 O     0.0207031278    -0.0201529164     0.0000000000
2 C     0.0230152586    -0.0074010838     0.0000000000
3 C    -0.0099819187     0.0216433393    -0.0000000000
4 C    -0.0035133126    -0.0447943071    -0.0000000000
5 C    -0.0000029312     0.0362417802     0.0000000000
6 C     0.0008314909    -0.0209801110    -0.0000000000
7 C     0.0089685865     0.0346579847     0.0000000000
8 H    -0.0011666311    -0.0047848769    -0.0000000000
9 H     0.0043240398     0.0001223168     0.0000000000
10 H    -0.0039664083     0.0002731411    -0.0000000000
11 H    -0.0029555353     0.0032149502    -0.0000000000
12 H     0.0165128923    -0.0026739342     0.0000000000
13 H    -0.0126031837     0.0052728422    -0.0000000000
----------------------------------------------
cycle 8: E = -380.344438671  dE = -0.00447583  norm(grad) = 0.0959172

Geometry optimization cycle 9
Cartesian coordinates (Angstrom)
 Atom        New coordinates             dX        dY        dZ
   O   2.797619   2.760726   0.000000    0.071345  0.016971  0.000000
   O   2.952097  -2.771863  -0.000000    0.017193  0.007243  0.000000
   C   2.843762   1.372410   0.000000   -0.025284  0.008713 -0.000000
   C   2.879646  -1.364610  -0.000000   -0.015416  0.005478 -0.000000
   C   4.068591   0.717228   0.000000   -0.017138  0.018027 -0.000000
   C   4.092549  -0.697622   0.000000   -0.015891  0.008971 -0.000000
   C   1.635297   0.702084  -0.000000   -0.022007 -0.001205 -0.000000
   C   1.653703  -0.716070  -0.000000   -0.026986 -0.009308 -0.000000
   H   4.996305   1.268778   0.000000   -0.021765  0.031523  0.000000
   H   5.026094  -1.245089   0.000000   -0.016488  0.003975  0.000000
   H   0.704826   1.253426  -0.000000   -0.023494  0.000147 -0.000000
   H   0.720325  -1.269143  -0.000000   -0.020761 -0.024545 -0.000000
   H   3.700523   3.090820   0.000000    0.073186  0.009865  0.000000
   H   2.053162  -3.101075  -0.000000    0.043506 -0.075855  0.000000
converged SCF energy = -380.348584458836  <S^2> = 0.82922062  2S+1 = 2.0777109
--------------- UHF_Scanner gradients ---------------
         x                y                z
0 O    -0.0154260349    -0.0012702562    -0.0000000000
1 O     0.0168924031    -0.0135305968     0.0000000000
2 C     0.0002934011    -0.0101474616    -0.0000000000
3 C    -0.0084175734     0.0232271965    -0.0000000000
4 C    -0.0016517691    -0.0291356727    -0.0000000000
5 C     0.0001737698     0.0286277866     0.0000000000
6 C     0.0029425873    -0.0288335089    -0.0000000000
7 C     0.0037880256     0.0298303042     0.0000000000
8 H     0.0006286904    -0.0024792287    -0.0000000000
9 H     0.0054569358    -0.0008311772     0.0000000000
10 H    -0.0042426672     0.0011802301    -0.0000000000
11 H    -0.0044437185     0.0001512224    -0.0000000000
12 H     0.0152709597     0.0064863240     0.0000000000
13 H    -0.0112650096    -0.0032751618    -0.0000000000
----------------------------------------------
cycle 9: E = -380.348584459  dE = -0.00414579  norm(grad) = 0.0729789

Geometry optimization cycle 10
Cartesian coordinates (Angstrom)
 Atom        New coordinates             dX        dY        dZ
   O   2.805541   2.766911   0.000000    0.007922  0.006185 -0.000000
   O   2.941113  -2.773911  -0.000000   -0.010984 -0.002049  0.000000
   C   2.841074   1.378235   0.000000   -0.002688  0.005825 -0.000000
   C   2.883301  -1.368716  -0.000000    0.003655 -0.004107  0.000000
   C   4.070895   0.728091   0.000000    0.002304  0.010863 -0.000000
   C   4.093984  -0.696410   0.000000    0.001435  0.001212  0.000000
   C   1.634175   0.702460  -0.000000   -0.001122  0.000376 -0.000000
   C   1.652685  -0.724814  -0.000000   -0.001018 -0.008744  0.000000
   H   4.993223   1.292738   0.000000   -0.003082  0.023959 -0.000000
   H   5.024054  -1.251413   0.000000   -0.002039 -0.006324  0.000000
   H   0.704422   1.256925  -0.000000   -0.000404  0.003500 -0.000000
   H   0.725995  -1.291210  -0.000000    0.005670 -0.022067  0.000000
   H   3.709665   3.085701   0.000000    0.009143 -0.005118 -0.000000
   H   2.044371  -3.104586  -0.000000   -0.008790 -0.003511  0.000000
converged SCF energy = -380.349918611225  <S^2> = 0.83160291  2S+1 = 2.0800028
--------------- UHF_Scanner gradients ---------------
         x                y                z
0 O    -0.0107645966     0.0002048426    -0.0000000000
1 O     0.0107976116    -0.0117940562     0.0000000000
2 C    -0.0016192586    -0.0073453327    -0.0000000000
3 C    -0.0037374635     0.0194985682     0.0000000000
4 C    -0.0000454438    -0.0215426539    -0.0000000000
5 C    -0.0006159330     0.0245782350     0.0000000000
6 C     0.0033056648    -0.0244670223    -0.0000000000
7 C     0.0017182950     0.0221746175     0.0000000000
8 H     0.0012724259     0.0000590939     0.0000000000
9 H     0.0050956384    -0.0022539175     0.0000000000
10 H    -0.0043330984     0.0020983607    -0.0000000000
11 H    -0.0044048649    -0.0020225784    -0.0000000000
12 H     0.0129775729     0.0051967581     0.0000000000
13 H    -0.0096465498    -0.0043849152    -0.0000000000
----------------------------------------------
cycle 10: E = -380.349918611  dE = -0.00133415  norm(grad) = 0.0581565

Geometry optimization cycle 11
Cartesian coordinates (Angstrom)
 Atom        New coordinates             dX        dY        dZ
   O   2.806695   2.770066   0.000000    0.001154  0.003155 -0.000000
   O   2.933089  -2.771115  -0.000000   -0.008024  0.002796  0.000000
   C   2.843909   1.384303  -0.000000    0.002835  0.006068 -0.000000
   C   2.884924  -1.375745  -0.000000    0.001623 -0.007029  0.000000
   C   4.076055   0.736718   0.000000    0.005159  0.008627 -0.000000
   C   4.095138  -0.706421   0.000000    0.001154 -0.010011  0.000000
   C   1.636825   0.709486  -0.000000    0.002651  0.007026 -0.000000
   C   1.651822  -0.735413  -0.000000   -0.000863 -0.010599  0.000000
   H   4.990989   1.315724   0.000000   -0.002234  0.022987 -0.000000
   H   5.013522  -1.277198   0.000000   -0.010532 -0.025785  0.000000
   H   0.713731   1.272201  -0.000000    0.009309  0.015276 -0.000000
   H   0.735923  -1.316875  -0.000000    0.009928 -0.025665  0.000000
   H   3.700048   3.092975   0.000000   -0.009617  0.007274 -0.000000
   H   2.041827  -3.098706  -0.000000   -0.002544  0.005880  0.000000
converged SCF energy = -380.351353522922  <S^2> = 0.83514648  2S+1 = 2.0834073
--------------- UHF_Scanner gradients ---------------
         x                y                z
0 O    -0.0014939813     0.0008023310    -0.0000000000
1 O     0.0026162517    -0.0069770639     0.0000000000
2 C    -0.0022512916    -0.0030894377    -0.0000000000
3 C    -0.0004411076     0.0124425513     0.0000000000
4 C     0.0004802765    -0.0087677990    -0.0000000000
5 C    -0.0008132698     0.0106827065     0.0000000000
6 C     0.0035509146    -0.0108682446     0.0000000000
7 C    -0.0006269460     0.0077625597    -0.0000000000
8 H     0.0009416607     0.0027671107     0.0000000000
9 H     0.0026536204    -0.0036937153     0.0000000000
10 H    -0.0027279003     0.0027009016    -0.0000000000
11 H    -0.0023971830    -0.0039820407    -0.0000000000
12 H     0.0040118987     0.0024918563     0.0000000000
13 H    -0.0035029430    -0.0022717160    -0.0000000000
----------------------------------------------
cycle 11: E = -380.351353523  dE = -0.00143491  norm(grad) = 0.0267693

Geometry optimization cycle 12
Cartesian coordinates (Angstrom)
 Atom        New coordinates             dX        dY        dZ
   O   2.801428   2.770179  -0.000000   -0.005267  0.000113 -0.000000
   O   2.930471  -2.771012  -0.000000   -0.002618  0.000103  0.000000
   C   2.846328   1.386824  -0.000000    0.002419  0.002521 -0.000000
   C   2.886149  -1.381210  -0.000000    0.001224 -0.005464  0.000000
   C   4.077031   0.737987   0.000000    0.000977  0.001269 -0.000000
   C   4.094372  -0.711166   0.000000   -0.000766 -0.004744  0.000000
   C   1.639428   0.713255  -0.000000    0.002603  0.003769 -0.000000
   C   1.655752  -0.737190  -0.000000    0.003929 -0.001776  0.000000
   H   4.992648   1.314449   0.000000    0.001659 -0.001275 -0.000000
   H   5.011142  -1.280417   0.000000   -0.002380 -0.003220  0.000000
   H   0.718141   1.275124  -0.000000    0.004410  0.002923 -0.000000
   H   0.740057  -1.315302  -0.000000    0.004133  0.001572  0.000000
   H   3.690622   3.092489   0.000000   -0.009427 -0.000486 -0.000000
   H   2.040931  -3.094012  -0.000000   -0.000897  0.004694  0.000000
converged SCF energy = -380.35168744568  <S^2> = 0.83575305  2S+1 = 2.0839895
--------------- UHF_Scanner gradients ---------------
         x                y                z
0 O     0.0007042476     0.0012180800     0.0000000000
1 O    -0.0007052993    -0.0047325016    -0.0000000000
2 C    -0.0004358897    -0.0014501557     0.0000000000
3 C     0.0003052859     0.0079901148     0.0000000000
4 C     0.0004374338    -0.0046088943     0.0000000000
5 C    -0.0013450269     0.0053555712    -0.0000000000
6 C     0.0023917985    -0.0045544402     0.0000000000
7 C     0.0001956842     0.0028451689    -0.0000000000
8 H     0.0004249394     0.0025244904     0.0000000000
9 H     0.0011021084    -0.0030306944     0.0000000000
10 H    -0.0014664250     0.0021936512    -0.0000000000
11 H    -0.0010710679    -0.0031247678    -0.0000000000
12 H    -0.0002879089     0.0000172138    -0.0000000000
13 H    -0.0002498800    -0.0006428364     0.0000000000
----------------------------------------------
cycle 12: E = -380.351687446  dE = -0.000333923  norm(grad) = 0.0145948

Geometry optimization cycle 13
Cartesian coordinates (Angstrom)
 Atom        New coordinates             dX        dY        dZ
   O   2.798837   2.770612  -0.000000   -0.002591  0.000433 -0.000000
   O   2.930638  -2.772227  -0.000000    0.000166 -0.001215  0.000000
   C   2.846946   1.389124  -0.000000    0.000617  0.002300 -0.000000
   C   2.886651  -1.387068  -0.000000    0.000502 -0.005858  0.000000
   C   4.075330   0.737646   0.000000   -0.001701 -0.000340 -0.000000
   C   4.092708  -0.714748   0.000000   -0.001664 -0.003583  0.000000
   C   1.640677   0.715520  -0.000000    0.001249  0.002265 -0.000000
   C   1.659587  -0.737747  -0.000000    0.003835 -0.000558 -0.000000
   H   4.995003   1.305449   0.000000    0.002355 -0.009000 -0.000000
   H   5.012525  -1.274987   0.000000    0.001383  0.005430  0.000000
   H   0.718473   1.272037  -0.000000    0.000332 -0.003087 -0.000000
   H   0.740053  -1.305937  -0.000000   -0.000004  0.009365  0.000000
   H   3.685321   3.093362   0.000000   -0.005300  0.000872 -0.000000
   H   2.041751  -3.091036  -0.000000    0.000820  0.002976  0.000000
converged SCF energy = -380.351864665444  <S^2> = 0.83582628  2S+1 = 2.0840598
--------------- UHF_Scanner gradients ---------------
         x                y                z
0 O     0.0022988902     0.0010594450     0.0000000000
1 O    -0.0020088694    -0.0029753895    -0.0000000000
2 C     0.0003143473    -0.0004926672     0.0000000000
3 C    -0.0000576894     0.0039927847     0.0000000000
4 C     0.0001207208    -0.0016443279     0.0000000000
5 C    -0.0014539873     0.0014299944    -0.0000000000
6 C     0.0009059254    -0.0005774927     0.0000000000
7 C     0.0012944417     0.0000247466     0.0000000000
8 H     0.0001425040     0.0013589875     0.0000000000
9 H     0.0001006896    -0.0015946615     0.0000000000
10 H    -0.0004269072     0.0012662125    -0.0000000000
11 H    -0.0001925907    -0.0014167310    -0.0000000000
12 H    -0.0028957161    -0.0012466070    -0.0000000000
13 H     0.0018582410     0.0008157061     0.0000000000
----------------------------------------------
cycle 13: E = -380.351864665  dE = -0.00017722  norm(grad) = 0.00822182

Geometry optimization cycle 14
Cartesian coordinates (Angstrom)
 Atom        New coordinates             dX        dY        dZ
   O   2.799299   2.772119  -0.000000    0.000462  0.001506 -0.000000
   O   2.931115  -2.773725  -0.000000    0.000477 -0.001498  0.000000
   C   2.846164   1.391073  -0.000000   -0.000782  0.001949 -0.000000
   C   2.886689  -1.390362  -0.000000    0.000039 -0.003295  0.000000
   C   4.073152   0.737431   0.000000   -0.002178 -0.000215 -0.000000
   C   4.091638  -0.715581   0.000000   -0.001070 -0.000833  0.000000
   C   1.640640   0.715961  -0.000000   -0.000036  0.000441 -0.000000
   C   1.661096  -0.737692  -0.000000    0.001509  0.000055  0.000000
   H   4.996539   1.298093   0.000000    0.001536 -0.007356 -0.000000
   H   5.015745  -1.267044   0.000000    0.003221  0.007943  0.000000
   H   0.716019   1.266824  -0.000000   -0.002454 -0.005213 -0.000000
   H   0.737692  -1.297988  -0.000000   -0.002361  0.007949  0.000000
   H   3.686237   3.093818   0.000000    0.000916  0.000456 -0.000000
   H   2.042473  -3.092926  -0.000000    0.000722 -0.001890  0.000000
converged SCF energy = -380.351923121403  <S^2> = 0.83578915  2S+1 = 2.0840241
--------------- UHF_Scanner gradients ---------------
         x                y                z
0 O     0.0022931143     0.0008427398     0.0000000000
1 O    -0.0018801208    -0.0020642962    -0.0000000000
2 C     0.0002025405    -0.0000188532     0.0000000000
3 C    -0.0002225416     0.0021100804    -0.0000000000
4 C    -0.0000625882    -0.0006222321    -0.0000000000
5 C    -0.0011419723     0.0002333945    -0.0000000000
6 C     0.0001412093     0.0001951818     0.0000000000
7 C     0.0015486776    -0.0005492165     0.0000000000
8 H     0.0001949797     0.0004200815     0.0000000000
9 H    -0.0000013297    -0.0005227313    -0.0000000000
10 H    -0.0001410226     0.0005737724    -0.0000000000
11 H    -0.0000938132    -0.0002720002     0.0000000000
12 H    -0.0028315833    -0.0012377392    -0.0000000000
13 H     0.0019944502     0.0009118183     0.0000000000
----------------------------------------------
cycle 14: E = -380.351923121  dE = -5.8456e-05  norm(grad) = 0.00617208

Geometry optimization cycle 15
Cartesian coordinates (Angstrom)
 Atom        New coordinates             dX        dY        dZ
   O   2.800578   2.773318  -0.000000    0.001279  0.001199 -0.000000
   O   2.931429  -2.774455  -0.000000    0.000314 -0.000730  0.000000
   C   2.845451   1.392088  -0.000000   -0.000713  0.001016 -0.000000
   C   2.886526  -1.391481  -0.000000   -0.000164 -0.001119  0.000000
   C   4.072007   0.737448   0.000000   -0.001145  0.000017 -0.000000
   C   4.091384  -0.715517   0.000000   -0.000255  0.000064  0.000000
   C   1.640332   0.715737  -0.000000   -0.000308 -0.000223 -0.000000
   C   1.660907  -0.737749  -0.000000   -0.000188 -0.000057  0.000000
   H   4.997033   1.295198   0.000000    0.000493 -0.002895 -0.000000
   H   5.017929  -1.262680   0.000000    0.002184  0.004364  0.000000
   H   0.713943   1.263377  -0.000000   -0.002076 -0.003447 -0.000000
   H   0.735815  -1.295075  -0.000000   -0.001877  0.002913  0.000000
   H   3.688607   3.094684   0.000000    0.002370  0.000866 -0.000000
   H   2.042559  -3.094895  -0.000000    0.000086 -0.001969  0.000000
converged SCF energy = -380.351938129525  <S^2> = 0.83584803  2S+1 = 2.0840806
--------------- UHF_Scanner gradients ---------------
         x                y                z
0 O     0.0017436436     0.0006034731     0.0000000000
1 O    -0.0012057131    -0.0016168966    -0.0000000000
2 C    -0.0001672691     0.0001658173    -0.0000000000
3 C    -0.0002789737     0.0015183692    -0.0000000000
4 C    -0.0001101257    -0.0004298444     0.0000000000
5 C    -0.0007191680     0.0000983283    -0.0000000000
6 C     0.0000602878    -0.0000914903     0.0000000000
7 C     0.0011415212    -0.0003911488     0.0000000000
8 H     0.0003059225     0.0000491857     0.0000000000
9 H     0.0001917953    -0.0000814754     0.0000000000
10 H    -0.0002101731     0.0002348873    -0.0000000000
11 H    -0.0002331627     0.0000780585    -0.0000000000
12 H    -0.0018581675    -0.0007133005    -0.0000000000
13 H     0.0013395826     0.0005760364     0.0000000000
----------------------------------------------
cycle 15: E = -380.35193813  dE = -1.50081e-05  norm(grad) = 0.00430003

Geometry optimization cycle 16
Cartesian coordinates (Angstrom)
 Atom        New coordinates             dX        dY        dZ
   O   2.801129   2.773761  -0.000000    0.000551  0.000444 -0.000000
   O   2.931432  -2.774443  -0.000000    0.000004  0.000013  0.000000
   C   2.845250   1.392387  -0.000000   -0.000200  0.000299 -0.000000
   C   2.886430  -1.391640  -0.000000   -0.000096 -0.000159  0.000000
   C   4.071777   0.737596   0.000000   -0.000230  0.000148 -0.000000
   C   4.091477  -0.715410   0.000000    0.000094  0.000107  0.000000
   C   1.640207   0.715658  -0.000000   -0.000125 -0.000080  0.000000
   C   1.660475  -0.737786  -0.000000   -0.000432 -0.000037  0.000000
   H   4.996943   1.295077   0.000000   -0.000090 -0.000121 -0.000000
   H   5.018594  -1.261641   0.000000    0.000665  0.001039 -0.000000
   H   0.713200   1.262233  -0.000000   -0.000744 -0.001144  0.000000
   H   0.735297  -1.295021  -0.000000   -0.000518  0.000054  0.000000
   H   3.689946   3.095021   0.000000    0.001339  0.000337 -0.000000
   H   2.042342  -3.095794  -0.000000   -0.000217 -0.000899  0.000000
converged SCF energy = -380.351942186926  <S^2> = 0.83592005  2S+1 = 2.0841498
--------------- UHF_Scanner gradients ---------------
         x                y                z
0 O     0.0011621735     0.0004126219     0.0000000000
1 O    -0.0007374723    -0.0012609462    -0.0000000000
2 C    -0.0002817294     0.0002103057     0.0000000000
3 C    -0.0002118318     0.0012646899     0.0000000000
4 C    -0.0000752991    -0.0003691482    -0.0000000000
5 C    -0.0004583323     0.0001058807    -0.0000000000
6 C     0.0001557928    -0.0001993538     0.0000000000
7 C     0.0006992874    -0.0002524073     0.0000000000
8 H     0.0003109678     0.0000051857     0.0000000000
9 H     0.0002698040     0.0000052056     0.0000000000
10 H    -0.0002639399     0.0001052858    -0.0000000000
11 H    -0.0002689255     0.0000654281    -0.0000000000
12 H    -0.0010970654    -0.0003776171    -0.0000000000
13 H     0.0007965702     0.0002848693     0.0000000000
----------------------------------------------
cycle 16: E = -380.351942187  dE = -4.0574e-06  norm(grad) = 0.00296502

Geometry optimization cycle 17
Cartesian coordinates (Angstrom)
 Atom        New coordinates             dX        dY        dZ
   O   2.801285   2.773851  -0.000000    0.000156  0.000090 -0.000000
   O   2.931360  -2.774133  -0.000000   -0.000073  0.000310  0.000000
   C   2.845256   1.392423  -0.000000    0.000006  0.000036 -0.000000
   C   2.886413  -1.391722  -0.000000   -0.000017 -0.000081  0.000000
   C   4.071774   0.737739   0.000000   -0.000003  0.000143 -0.000000
   C   4.091678  -0.715426   0.000000    0.000200 -0.000017  0.000000
   C   1.640185   0.715673  -0.000000   -0.000023  0.000016 -0.000000
   C   1.660129  -0.737811  -0.000000   -0.000345 -0.000025  0.000000
   H   4.996577   1.295645   0.000000   -0.000366  0.000568 -0.000000
   H   5.018738  -1.261616   0.000000    0.000144  0.000025  0.000000
   H   0.713007   1.261767  -0.000000   -0.000192 -0.000466 -0.000000
   H   0.735405  -1.295691  -0.000000    0.000108 -0.000671  0.000000
   H   3.690768   3.095318   0.000000    0.000822  0.000297 -0.000000
   H   2.041926  -3.096018  -0.000000   -0.000416 -0.000224  0.000000
converged SCF energy = -380.351944961835  <S^2> = 0.83599028  2S+1 = 2.0842172
--------------- UHF_Scanner gradients ---------------
         x                y                z
0 O     0.0004779503     0.0001443134    -0.0000000000
1 O    -0.0002566891    -0.0007545665    -0.0000000000
2 C    -0.0002568242     0.0001995312     0.0000000000
3 C    -0.0001365041     0.0008494546    -0.0000000000
4 C    -0.0000345543    -0.0002304712     0.0000000000
5 C    -0.0001951944     0.0000422346     0.0000000000
6 C     0.0002253218    -0.0000968823     0.0000000000
7 C     0.0002434783    -0.0001645097    -0.0000000000
8 H     0.0002227672     0.0000190206    -0.0000000000
9 H     0.0002288873     0.0000288229     0.0000000000
10 H    -0.0002344033    -0.0000014963    -0.0000000000
11 H    -0.0001923732    -0.0000033871    -0.0000000000
12 H    -0.0003465971    -0.0000770728     0.0000000000
13 H     0.0002547349     0.0000450086     0.0000000000
----------------------------------------------
cycle 17: E = -380.351944962  dE = -2.77491e-06  norm(grad) = 0.00153602

Geometry optimization cycle 18
Cartesian coordinates (Angstrom)
 Atom        New coordinates             dX        dY        dZ
   O   2.801063   2.773624  -0.000000   -0.000222 -0.000227  0.000000
   O   2.931316  -2.773742  -0.000000   -0.000044  0.000391 -0.000000
   C   2.845364   1.392249  -0.000000    0.000108 -0.000174  0.000000
   C   2.886474  -1.391783  -0.000000    0.000061 -0.000062 -0.000000
   C   4.071850   0.737801   0.000000    0.000077  0.000062 -0.000000
   C   4.091821  -0.715510   0.000000    0.000143 -0.000084 -0.000000
   C   1.640218   0.715739  -0.000000    0.000034  0.000065  0.000000
   C   1.660074  -0.737782  -0.000000   -0.000055  0.000029  0.000000
   H   4.996160   1.296246   0.000000   -0.000417  0.000601 -0.000000
   H   5.018456  -1.262139   0.000000   -0.000282 -0.000523 -0.000000
   H   0.713323   1.261991  -0.000000    0.000316  0.000224  0.000000
   H   0.735878  -1.296289  -0.000000    0.000473 -0.000598  0.000000
   H   3.690867   3.095316   0.000000    0.000099 -0.000002 -0.000000
   H   2.041635  -3.095721  -0.000000   -0.000291  0.000297 -0.000000
converged SCF energy = -380.351946221656  <S^2> = 0.83601287  2S+1 = 2.0842388
--------------- UHF_Scanner gradients ---------------
         x                y                z
0 O     0.0000140149    -0.0000672827    -0.0000000000
1 O     0.0000178006    -0.0003211041    -0.0000000000
2 C    -0.0001382027     0.0001429859    -0.0000000000
3 C    -0.0000846543     0.0004317081    -0.0000000000
4 C    -0.0000129514    -0.0000762326    -0.0000000000
5 C    -0.0000425521    -0.0000423960     0.0000000000
6 C     0.0001910350     0.0000994446     0.0000000000
7 C     0.0000200240    -0.0001390696     0.0000000000
8 H     0.0000922796     0.0000320258    -0.0000000000
9 H     0.0000988161     0.0000242913     0.0000000000
10 H    -0.0001259301    -0.0000497445    -0.0000000000
11 H    -0.0000568042    -0.0000340986     0.0000000000
12 H     0.0000631944     0.0000502771     0.0000000000
13 H    -0.0000360695    -0.0000508048     0.0000000000
----------------------------------------------
cycle 18: E = -380.351946222  dE = -1.25982e-06  norm(grad) = 0.00068554

Geometry optimization cycle 19
Cartesian coordinates (Angstrom)
 Atom        New coordinates             dX        dY        dZ
   O   2.800815   2.773388  -0.000000   -0.000249 -0.000236  0.000000
   O   2.931334  -2.773532  -0.000000    0.000018  0.000210 -0.000000
   C   2.845430   1.392066  -0.000000    0.000066 -0.000182  0.000000
   C   2.886546  -1.391832  -0.000000    0.000072 -0.000049 -0.000000
   C   4.071891   0.737786   0.000000    0.000040 -0.000015  0.000000
   C   4.091862  -0.715564   0.000000    0.000041 -0.000054  0.000000
   C   1.640241   0.715742  -0.000000    0.000023  0.000003  0.000000
   C   1.660170  -0.737759  -0.000000    0.000096  0.000023 -0.000000
   H   4.995951   1.296454   0.000000   -0.000209  0.000208  0.000000
   H   5.018179  -1.262536   0.000000   -0.000277 -0.000397 -0.000000
   H   0.713698   1.262380  -0.000000    0.000375  0.000389  0.000000
   H   0.736189  -1.296443  -0.000000    0.000311 -0.000154 -0.000000
   H   3.690625   3.095218   0.000000   -0.000242 -0.000098 -0.000000
   H   2.041570  -3.095369  -0.000000   -0.000065  0.000352 -0.000000
converged SCF energy = -380.351946545897  <S^2> = 0.83599981  2S+1 = 2.0842263
--------------- UHF_Scanner gradients ---------------
         x                y                z
0 O    -0.0001055185    -0.0001401086     0.0000000000
1 O     0.0000719739    -0.0001348902     0.0000000000
2 C    -0.0000628958     0.0000908093    -0.0000000000
3 C    -0.0000661381     0.0002115500    -0.0000000000
4 C    -0.0000120207     0.0000002220     0.0000000000
5 C    -0.0000059185    -0.0000724700     0.0000000000
6 C     0.0001141847     0.0001859795    -0.0000000000
7 C     0.0000128020    -0.0001361589    -0.0000000000
8 H     0.0000141000     0.0000244427    -0.0000000000
9 H     0.0000021926     0.0000162929     0.0000000000
10 H    -0.0000335177    -0.0000426216    -0.0000000000
11 H     0.0000241084    -0.0000174268     0.0000000000
12 H     0.0001227726     0.0000502609    -0.0000000000
13 H    -0.0000761249    -0.0000358809    -0.0000000000
----------------------------------------------
cycle 19: E = -380.351946546  dE = -3.24242e-07  norm(grad) = 0.000465623
converged SCF energy = -380.351946546015  <S^2> = 0.83599262  2S+1 = 2.0842194
converged SCF energy = -380.351946546046  <S^2> = 0.83599443  2S+1 = 2.0842211
converged SCF energy = -380.369441036288  <S^2> = 0.83837374  2S+1 = 2.086503

WARN: PCM is an experimental feature. It is still in testing.
Features and APIs may be changed in the future.

converged SCF energy = -380.466199118343

WARN: PCM is an experimental feature. It is still in testing.
Features and APIs may be changed in the future.

converged SCF energy = -380.468165849488  <S^2> = 0.83389544  2S+1 = 2.082206
G_corr_rdx_a: 0.07510727454558719, G_corr_rdx_n: 0.08558405897298371
gfe_a: -380.393058574942, gfe_n: -380.3806150593703, dG_red: 0.3386054796278596, rdx_pot: -4.09139452037214
