
Geometry optimization cycle 1
Cartesian coordinates (Angstrom)
 Atom        New coordinates             dX        dY        dZ
   C  -3.504823   0.071181   0.145690    0.000000  0.000000  0.000000
   C  -2.124207   0.067696   0.143725    0.000000  0.000000  0.000000
   C  -1.456514   1.265790   0.011281    0.000000  0.000000  0.000000
   C  -2.124350   2.461666  -0.139473    0.000000  0.000000  0.000000
   C  -3.504915   2.457837  -0.145725    0.000000  0.000000  0.000000
   C  -4.193608   1.264515   0.000196    0.000000  0.000000  0.000000
   H  -4.038180  -0.850506   0.255917    0.000000  0.000000  0.000000
   H  -1.562029  -0.834636   0.238916    0.000000  0.000000  0.000000
   H  -1.561953   3.363023  -0.242863    0.000000 -0.000000  0.000000
   H  -4.038201   3.378563  -0.263983    0.000000  0.000000  0.000000
   H  -5.265039   1.264169  -0.002276    0.000000  0.000000  0.000000
   N  -0.008508   1.264860  -0.005664    0.000000 -0.000000  0.000000
   O   0.563947   0.167070  -0.129771    0.000000  0.000000  0.000000
   O   0.566830   2.359843   0.130682    0.000000  0.000000  0.000000
converged SCF energy = -434.178234844837
--------------- RHF_Scanner gradients ---------------
         x                y                z
0 C     0.0008470754     0.0002251260    -0.0002621910
1 C    -0.0020173971     0.0055709050    -0.0000708952
2 C    -0.0036518920     0.0002156654     0.0035134219
3 C    -0.0020746704    -0.0057198581    -0.0012486351
4 C     0.0008718933    -0.0002494402     0.0000153266
5 C     0.0007086492    -0.0000066368     0.0000799216
6 H     0.0013478057     0.0024732543    -0.0003132725
7 H    -0.0000352239     0.0037155426    -0.0007626343
8 H    -0.0000325209    -0.0037273504     0.0006965911
9 H     0.0013527531    -0.0024718649     0.0003222635
10 H     0.0027770781     0.0000018675     0.0000060336
11 N    -0.0622794305     0.0004932580    -0.0055290127
12 O     0.0310264698    -0.0724486243    -0.0074441820
13 O     0.0311594103     0.0719281557     0.0109972646
----------------------------------------------
cycle 1: E = -434.178234845  dE = -434.178  norm(grad) = 0.128826

Geometry optimization cycle 2
Cartesian coordinates (Angstrom)
 Atom        New coordinates             dX        dY        dZ
   C  -3.506034   0.066019   0.142547   -0.001211 -0.005161 -0.003143
   C  -2.121300   0.045807   0.142981    0.002907 -0.021889 -0.000744
   C  -1.462300   1.259476   0.009484   -0.005785 -0.006313 -0.001797
   C  -2.114263   2.475793  -0.134109    0.010087  0.014127  0.005364
   C  -3.499041   2.463030  -0.142981    0.005874  0.005193  0.002744
   C  -4.190450   1.266206  -0.003109    0.003158  0.001691 -0.003304
   H  -4.049038  -0.854742   0.252669   -0.010858 -0.004236 -0.003248
   H  -1.568596  -0.866822   0.246241   -0.006567 -0.032186  0.007326
   H  -1.555953   3.385451  -0.234006    0.006001  0.022428  0.008857
   H  -4.036476   3.386377  -0.258608    0.001725  0.007815  0.005375
   H  -5.265839   1.268814  -0.007498   -0.000800  0.004645 -0.005222
   N  -0.014103   1.256710   0.012445   -0.005595 -0.008149  0.018110
   O   0.593104   0.234537  -0.111471    0.029157  0.067467  0.018300
   O   0.538738   2.314412   0.082065   -0.028092 -0.045431 -0.048617
converged SCF energy = -434.185140159329
--------------- RHF_Scanner gradients ---------------
         x                y                z
0 C     0.0014586791     0.0020274111     0.0000891452
1 C     0.0020238230    -0.0076383023     0.0006830619
2 C     0.0001389703     0.0060325942    -0.0015898305
3 C     0.0023332571     0.0061313136    -0.0016347211
4 C     0.0008860398    -0.0013357271     0.0003928052
5 C    -0.0007593767     0.0002176502    -0.0001886934
6 H     0.0003132073    -0.0002569434     0.0000995912
7 H    -0.0002654508    -0.0006472182     0.0001504899
8 H     0.0004311224     0.0011833116    -0.0001423119
9 H     0.0002026196     0.0002387196    -0.0000597223
10 H    -0.0003985300     0.0000363606    -0.0000210016
11 N    -0.0256978333    -0.0083975251     0.0106359332
12 O     0.0140839841     0.0105662399    -0.0040504586
13 O     0.0052494880    -0.0081578847    -0.0043642871
----------------------------------------------
cycle 2: E = -434.185140159  dE = -0.00690531  norm(grad) = 0.0379911

Geometry optimization cycle 3
Cartesian coordinates (Angstrom)
 Atom        New coordinates             dX        dY        dZ
   C  -3.496300   0.062745   0.137275    0.009734 -0.003274 -0.005271
   C  -2.109240   0.079227   0.127643    0.012060  0.033420 -0.015338
   C  -1.430410   1.281900  -0.009146    0.031890  0.022423 -0.018630
   C  -2.124447   2.477106  -0.138451   -0.010184  0.001313 -0.004342
   C  -3.511543   2.459489  -0.139539   -0.012502 -0.003541  0.003442
   C  -4.194120   1.256586   0.000036   -0.003669 -0.009620  0.003145
   H  -4.024017  -0.868413   0.248325    0.025021 -0.013671 -0.004344
   H  -1.552495  -0.832805   0.227134    0.016101  0.034018 -0.019107
   H  -1.586825   3.399338  -0.239767   -0.030873  0.013886 -0.005761
   H  -4.056452   3.380982  -0.247717   -0.019975 -0.005395  0.010891
   H  -5.270530   1.249691   0.002489   -0.004691 -0.019123  0.009987
   N   0.024883   1.282664  -0.010896    0.038986  0.025953 -0.023341
   O   0.446732   0.183658  -0.043928   -0.146372 -0.050879  0.067543
   O   0.633212   2.288903   0.083192    0.094474 -0.025509  0.001127
converged SCF energy = -434.181066185015
--------------- RHF_Scanner gradients ---------------
         x                y                z
0 C    -0.0030279805    -0.0061091046     0.0007390842
1 C    -0.0028365196     0.0072995340    -0.0005086414
2 C     0.0219732456    -0.0202583964     0.0020416536
3 C    -0.0034199215     0.0004021650    -0.0000241845
4 C     0.0001141661     0.0015094049    -0.0002529863
5 C     0.0008793811    -0.0006216595     0.0000756628
6 H    -0.0014745109    -0.0011133339     0.0001187909
7 H     0.0022628884    -0.0015580227     0.0001176747
8 H    -0.0004978918    -0.0003821985    -0.0000472024
9 H    -0.0008418479     0.0010396385    -0.0002216469
10 H    -0.0009494739    -0.0003387751     0.0000481201
11 N     0.0437869991     0.0137594585    -0.0106611936
12 O    -0.0445802012     0.0246443357     0.0049760541
13 O    -0.0113883330    -0.0182730460     0.0035988146
----------------------------------------------
cycle 3: E = -434.181066185  dE = 0.00407397  norm(grad) = 0.0796993

Geometry optimization cycle 4
Cartesian coordinates (Angstrom)
 Atom        New coordinates             dX        dY        dZ
   C  -3.500933   0.065585   0.141444   -0.004634  0.002840  0.004169
   C  -2.115063   0.064123   0.141062   -0.005823 -0.015104  0.013418
   C  -1.446446   1.271455   0.008702   -0.016036 -0.010445  0.017848
   C  -2.119977   2.475204  -0.133603    0.004470 -0.001902  0.004847
   C  -3.505736   2.460264  -0.143325    0.005808  0.000775 -0.003785
   C  -4.192880   1.260995  -0.003985    0.001239  0.004409 -0.004021
   H  -4.035613  -0.860483   0.251475   -0.011595  0.007930  0.003150
   H  -1.559576  -0.847012   0.244444   -0.007081 -0.014208  0.017310
   H  -1.571129   3.390125  -0.233583    0.015697 -0.009213  0.006184
   H  -4.046209   3.382241  -0.258970    0.010243  0.001259 -0.011253
   H  -5.268401   1.258114  -0.008647    0.002129  0.008423 -0.011136
   N   0.006221   1.271070   0.012611   -0.018662 -0.011593  0.023507
   O   0.514716   0.202742  -0.106917    0.067984  0.019084 -0.062990
   O   0.589474   2.306648   0.085944   -0.043738  0.017745  0.002751
converged SCF energy = -434.185868259614
--------------- RHF_Scanner gradients ---------------
         x                y                z
0 C    -0.0009717115    -0.0013687265     0.0004822463
1 C    -0.0004544354     0.0003669635    -0.0004806929
2 C     0.0091507875    -0.0071599474    -0.0021345377
3 C    -0.0007775601     0.0024645056    -0.0014249955
4 C     0.0003751163    -0.0000840398     0.0003123641
5 C    -0.0000724306    -0.0003786022    -0.0000705766
6 H    -0.0004569120    -0.0004232056     0.0001094764
7 H     0.0008417011    -0.0006717580     0.0000532404
8 H    -0.0001526989    -0.0001395446    -0.0000567589
9 H    -0.0002154483     0.0004004349    -0.0000781460
10 H    -0.0004032606    -0.0001338216    -0.0000101340
11 N     0.0072210196     0.0046540794     0.0086816972
12 O    -0.0137435455     0.0079568584    -0.0025803257
13 O    -0.0003406217    -0.0054831960    -0.0028028569
----------------------------------------------
cycle 4: E = -434.18586826  dE = -0.00480207  norm(grad) = 0.0245022

Geometry optimization cycle 5
Cartesian coordinates (Angstrom)
 Atom        New coordinates             dX        dY        dZ
   C  -3.506672   0.072231   0.139550   -0.005738  0.006646 -0.001894
   C  -2.121221   0.062864   0.128433   -0.006158 -0.001259 -0.012628
   C  -1.441103   1.260388  -0.011969    0.005343 -0.011067 -0.020671
   C  -2.124236   2.457311  -0.141238   -0.004259 -0.017893 -0.007635
   C  -3.509799   2.462607  -0.139811   -0.004063  0.002344  0.003514
   C  -4.200267   1.267088   0.003265   -0.007386  0.006093  0.007250
   H  -4.042542  -0.852163   0.252477   -0.006929  0.008321  0.001002
   H  -1.573672  -0.852526   0.225655   -0.014096 -0.005514 -0.018789
   H  -1.572780   3.369973  -0.244049   -0.001651 -0.020152 -0.010466
   H  -4.042810   3.389330  -0.247827    0.003399  0.007089  0.011143
   H  -5.275279   1.266780   0.008876   -0.006878  0.008667  0.017524
   N   0.019729   1.264429  -0.025449    0.013508 -0.006641 -0.038060
   O   0.580967   0.210644  -0.052197    0.066251  0.007902  0.054720
   O   0.558133   2.322113   0.100934   -0.031341  0.015465  0.014991
converged SCF energy = -434.185667398941
--------------- RHF_Scanner gradients ---------------
         x                y                z
0 C     0.0002217607    -0.0001995911    -0.0003055766
1 C    -0.0033700637     0.0030134126     0.0009959724
2 C     0.0083977030     0.0012255825     0.0049720445
3 C    -0.0041647248    -0.0062423809     0.0010983215
4 C    -0.0014509834     0.0030922410    -0.0007004064
5 C    -0.0001183509    -0.0001771496     0.0000435347
6 H    -0.0003468976     0.0000559064    -0.0000581429
7 H     0.0000064214     0.0008051703    -0.0000355400
8 H     0.0000322590    -0.0007133894     0.0001662836
9 H    -0.0006835032     0.0000600391    -0.0001202117
10 H    -0.0000199576     0.0002542897     0.0000196445
11 N     0.0042339469     0.0006868591    -0.0204561539
12 O     0.0003681356    -0.0002312296     0.0066974160
13 O    -0.0031057454    -0.0016297600     0.0076828142
----------------------------------------------
cycle 5: E = -434.185667399  dE = 0.000200861  norm(grad) = 0.0272611

Geometry optimization cycle 6
Cartesian coordinates (Angstrom)
 Atom        New coordinates             dX        dY        dZ
   C  -3.505106   0.065305   0.139184    0.001566 -0.006926 -0.000366
   C  -2.120608   0.055676   0.133016    0.000613 -0.007188  0.004583
   C  -1.459509   1.263790  -0.004493   -0.018406  0.003402  0.007476
   C  -2.115411   2.474712  -0.138283    0.008824  0.017401  0.002955
   C  -3.499876   2.460153  -0.139205    0.009923 -0.002455  0.000606
   C  -4.190795   1.264237   0.000851    0.009472 -0.002851 -0.002414
   H  -4.043215  -0.857722   0.249428   -0.000673 -0.005559 -0.003049
   H  -1.566987  -0.856162   0.231325    0.006685 -0.003636  0.005671
   H  -1.560734   3.386087  -0.238487    0.012046  0.016115  0.005562
   H  -4.037618   3.383434  -0.247983    0.005193 -0.005897 -0.000156
   H  -5.265592   1.266393   0.002367    0.009687 -0.000388 -0.006510
   N   0.001384   1.262653  -0.009966   -0.018345 -0.001777  0.015483
   O   0.566117   0.208150  -0.061083   -0.014850 -0.002494 -0.008886
   O   0.546398   2.324365   0.079980   -0.011736  0.002253 -0.020954
converged SCF energy = -434.186456222877
--------------- RHF_Scanner gradients ---------------
         x                y                z
0 C     0.0003109756     0.0000637143    -0.0001362282
1 C     0.0010069906    -0.0014507999     0.0009413829
2 C    -0.0050629999     0.0017533605     0.0020402371
3 C     0.0024525618     0.0030543045    -0.0004230275
4 C     0.0011798009    -0.0021946247     0.0000985952
5 C     0.0002228539     0.0003018210    -0.0000352925
6 H     0.0002414727     0.0000566229    -0.0000266061
7 H    -0.0002990276    -0.0002340383     0.0000539648
8 H     0.0003500778     0.0005811989     0.0000015261
9 H     0.0004922745    -0.0002035334    -0.0000382519
10 H     0.0001240647    -0.0001693872     0.0000389365
11 N    -0.0039612275    -0.0007318342    -0.0081481415
12 O     0.0033938753    -0.0049418420     0.0020218449
13 O    -0.0004516928     0.0041150375     0.0036110602
----------------------------------------------
cycle 6: E = -434.186456223  dE = -0.000788824  norm(grad) = 0.0145843

Geometry optimization cycle 7
Cartesian coordinates (Angstrom)
 Atom        New coordinates             dX        dY        dZ
   C  -3.505305   0.071597   0.136552   -0.000199  0.006291 -0.002632
   C  -2.119904   0.059538   0.136736    0.000704  0.003862  0.003720
   C  -1.447970   1.262058   0.005323    0.011539 -0.001732  0.009816
   C  -2.124808   2.461952  -0.130763   -0.009397 -0.012760  0.007520
   C  -3.510192   2.463861  -0.139087   -0.010316  0.003708  0.000118
   C  -4.198835   1.266272  -0.002868   -0.008040  0.002035 -0.003719
   H  -4.042042  -0.852755   0.243681    0.001172  0.004967 -0.005748
   H  -1.570323  -0.854494   0.237192   -0.003336  0.001669  0.005866
   H  -1.572829   3.374631  -0.227900   -0.012095 -0.011456  0.010587
   H  -4.044325   3.389535  -0.249208   -0.006707  0.006101 -0.001225
   H  -5.273770   1.264334  -0.005427   -0.008178 -0.002058 -0.007794
   N   0.014135   1.263410   0.009226    0.012752  0.000758  0.019192
   O   0.574100   0.211021  -0.068562    0.007983  0.002871 -0.007478
   O   0.570516   2.320109   0.051757    0.024119 -0.004256 -0.028223
converged SCF energy = -434.186515582936
--------------- RHF_Scanner gradients ---------------
         x                y                z
0 C     0.0006035612     0.0010936988     0.0000137292
1 C    -0.0009169196     0.0006208495     0.0000652845
2 C     0.0028494676     0.0005671939    -0.0015771603
3 C    -0.0030477250    -0.0043661604    -0.0002663814
4 C    -0.0012290777     0.0029016172    -0.0002369014
5 C    -0.0002797063    -0.0003668134     0.0000241874
6 H    -0.0000065301     0.0001529295     0.0000293757
7 H     0.0001359485     0.0004028739    -0.0000633971
8 H    -0.0003424265    -0.0005539817     0.0000808672
9 H    -0.0004835545     0.0000365394    -0.0000136180
10 H     0.0000253267     0.0003069461    -0.0000465705
11 N    -0.0021686587    -0.0016829934     0.0071459114
12 O     0.0025416541     0.0012768539    -0.0030630033
13 O     0.0023186402    -0.0003895535    -0.0020923234
----------------------------------------------
cycle 7: E = -434.186515583  dE = -5.93601e-05  norm(grad) = 0.0118022

Geometry optimization cycle 8
Cartesian coordinates (Angstrom)
 Atom        New coordinates             dX        dY        dZ
   C  -3.505724   0.066468   0.136706   -0.000419 -0.005129  0.000154
   C  -2.120345   0.060673   0.134828   -0.000441  0.001135 -0.001908
   C  -1.451753   1.265629   0.002474   -0.003784  0.003571 -0.002849
   C  -2.119499   2.470612  -0.132732    0.005310  0.008660 -0.001968
   C  -3.504818   2.460836  -0.138196    0.005374 -0.003025  0.000891
   C  -4.194962   1.263667  -0.001815    0.003873 -0.002605  0.001053
   H  -4.042028  -0.858316   0.244040    0.000014 -0.005561  0.000360
   H  -1.567696  -0.851800   0.234241    0.002627  0.002694 -0.002950
   H  -1.567806   3.383829  -0.230338    0.005022  0.009198 -0.002438
   H  -4.041902   3.384907  -0.247172    0.002423 -0.004628  0.002036
   H  -5.269997   1.263741  -0.003484    0.003773 -0.000593  0.001942
   N   0.008776   1.264622   0.004713   -0.005359  0.001212 -0.004512
   O   0.559200   0.207698  -0.059687   -0.014899 -0.003323  0.008875
   O   0.567001   2.318504   0.053073   -0.003515 -0.001605  0.001316
converged SCF energy = -434.18671061055
--------------- RHF_Scanner gradients ---------------
         x                y                z
0 C    -0.0003823811    -0.0006647057     0.0001579510
1 C    -0.0003851620     0.0007659420     0.0001466924
2 C     0.0009573762    -0.0004585633    -0.0007405065
3 C    -0.0001055278     0.0000678900    -0.0006059903
4 C     0.0001541306    -0.0000566198     0.0000594502
5 C    -0.0000085390    -0.0000559507    -0.0000090277
6 H    -0.0001265793    -0.0000733637     0.0000406369
7 H     0.0000192355    -0.0000167449    -0.0000185681
8 H     0.0000063596    -0.0000208168     0.0000273922
9 H    -0.0000133267     0.0000183979    -0.0000167731
10 H    -0.0000366949    -0.0000726784     0.0000019333
11 N     0.0009147395     0.0002931859     0.0032512113
12 O    -0.0010994733     0.0020558073    -0.0015354609
13 O     0.0001058426    -0.0017817797    -0.0007589406
----------------------------------------------
cycle 8: E = -434.186710611  dE = -0.000195028  norm(grad) = 0.0051519

Geometry optimization cycle 9
Cartesian coordinates (Angstrom)
 Atom        New coordinates             dX        dY        dZ
   C  -3.501860   0.069628   0.133756    0.003864  0.003160 -0.002951
   C  -2.116866   0.053436   0.131670    0.003479 -0.007237 -0.003158
   C  -1.455273   1.261891  -0.000400   -0.003519 -0.003738 -0.002874
   C  -2.120120   2.468717  -0.132130   -0.000621 -0.001894  0.000602
   C  -3.505197   2.464226  -0.135573   -0.000379  0.003390  0.002623
   C  -4.193198   1.266098  -0.000795    0.001763  0.002431  0.001020
   H  -4.040233  -0.853905   0.239354    0.001795  0.004412 -0.004686
   H  -1.565064  -0.859785   0.228776    0.002632 -0.007986 -0.005465
   H  -1.565822   3.380444  -0.229110    0.001985 -0.003385  0.001228
   H  -4.041241   3.389190  -0.241325    0.000661  0.004282  0.005847
   H  -5.268156   1.265063  -0.000678    0.001841  0.001322  0.002807
   N   0.005392   1.264348  -0.000844   -0.003384 -0.000274 -0.005557
   O   0.561308   0.207045  -0.032305    0.002107 -0.000653  0.027381
   O   0.554777   2.324675   0.036255   -0.012225  0.006171 -0.016817
converged SCF energy = -434.186734671055
--------------- RHF_Scanner gradients ---------------
         x                y                z
0 C     0.0011085040     0.0022410648    -0.0002684811
1 C     0.0016752851    -0.0026544268     0.0007215475
2 C    -0.0019950990     0.0004008403     0.0002545132
3 C     0.0004271193    -0.0003421028    -0.0002669501
4 C    -0.0003092033     0.0007343617    -0.0001179869
5 C    -0.0002739144    -0.0002974981     0.0000447019
6 H     0.0003131195     0.0001157086     0.0000007986
7 H     0.0001891077    -0.0002411804    -0.0000044915
8 H    -0.0000320941     0.0002283815     0.0000102753
9 H    -0.0000264337     0.0000112871    -0.0000226584
10 H    -0.0000133315     0.0002376200    -0.0000248161
11 N     0.0002672252    -0.0003198091    -0.0010821183
12 O    -0.0002700944    -0.0014757636    -0.0000673375
13 O    -0.0010601902     0.0013615167     0.0008230034
----------------------------------------------
cycle 9: E = -434.186734671  dE = -2.40605e-05  norm(grad) = 0.00544608

Geometry optimization cycle 10
Cartesian coordinates (Angstrom)
 Atom        New coordinates             dX        dY        dZ
   C  -3.507113   0.065540   0.131336   -0.005253 -0.004088 -0.002419
   C  -2.122014   0.059696   0.128198   -0.005148  0.006260 -0.003472
   C  -1.452753   1.264247  -0.001547    0.002520  0.002356 -0.001147
   C  -2.118557   2.470656  -0.130479    0.001563  0.001939  0.001651
   C  -3.503668   2.460744  -0.132175    0.001529 -0.003482  0.003397
   C  -4.194843   1.264159  -0.000234   -0.001645 -0.001939  0.000561
   H  -4.043720  -0.859333   0.234739   -0.003487 -0.005429 -0.004615
   H  -1.569993  -0.853292   0.223589   -0.004929  0.006494 -0.005187
   H  -1.566280   3.383557  -0.226514   -0.000458  0.003114  0.002596
   H  -4.040193   3.385669  -0.235146    0.001048 -0.003521  0.006179
   H  -5.269742   1.265548   0.000029   -0.001586  0.000486  0.000706
   N   0.008997   1.263098  -0.001996    0.003605 -0.001249 -0.001152
   O   0.568907   0.206765  -0.007467    0.007599 -0.000279  0.024838
   O   0.559420   2.324014   0.014319    0.004644 -0.000661 -0.021937
converged SCF energy = -434.18679081968
--------------- RHF_Scanner gradients ---------------
         x                y                z
0 C    -0.0003697055    -0.0008404288     0.0000581092
1 C    -0.0006095237     0.0010747245     0.0003200868
2 C    -0.0005189493     0.0008891041     0.0004578562
3 C     0.0002701261     0.0002414205    -0.0002226880
4 C     0.0002149936    -0.0007441913     0.0000277555
5 C     0.0002362216     0.0002772129    -0.0000206992
6 H    -0.0000627493     0.0000052601     0.0000107735
7 H    -0.0002076903     0.0001505668    -0.0000468084
8 H     0.0001339734     0.0000193889     0.0000281097
9 H     0.0000940111    -0.0000782757    -0.0000141779
10 H     0.0000748731    -0.0001130354     0.0000148448
11 N    -0.0013112265    -0.0006431767    -0.0020832605
12 O     0.0019936014    -0.0018082078     0.0003769546
13 O     0.0000620442     0.0015696378     0.0010931436
----------------------------------------------
cycle 10: E = -434.18679082  dE = -5.61486e-05  norm(grad) = 0.00472295

Geometry optimization cycle 11
Cartesian coordinates (Angstrom)
 Atom        New coordinates             dX        dY        dZ
   C  -3.505680   0.065942   0.128113    0.001433  0.000401 -0.003223
   C  -2.120358   0.059785   0.126279    0.001656  0.000089 -0.001920
   C  -1.451997   1.265453  -0.000743    0.000756  0.001206  0.000804
   C  -2.120177   2.471371  -0.127651   -0.001619  0.000715  0.002828
   C  -3.505504   2.461920  -0.129467   -0.001835  0.001176  0.002709
   C  -4.195340   1.263973  -0.000770   -0.000497 -0.000186 -0.000536
   H  -4.041792  -0.859645   0.228814    0.001928 -0.000312 -0.005925
   H  -1.567944  -0.853253   0.220898    0.002049  0.000038 -0.002691
   H  -1.568987   3.385020  -0.222158   -0.002707  0.001463  0.004355
   H  -4.042562   3.386971  -0.230129   -0.002368  0.001302  0.005017
   H  -5.270372   1.263965  -0.000869   -0.000630 -0.001583 -0.000897
   N   0.009334   1.264238  -0.000095    0.000336  0.001140  0.001901
   O   0.561663   0.206155   0.015076   -0.007244 -0.000610  0.022543
   O   0.568165   2.319174  -0.010646    0.008745 -0.004840 -0.024965
converged SCF energy = -434.186838585177
--------------- RHF_Scanner gradients ---------------
         x                y                z
0 C    -0.0002636048    -0.0005287223     0.0000579323
1 C    -0.0002948942     0.0006610688     0.0001913165
2 C     0.0004309589    -0.0004705870     0.0001474297
3 C    -0.0001358013     0.0002504968    -0.0002190673
4 C     0.0000198701    -0.0002180669     0.0000050616
5 C     0.0000151611     0.0000997936    -0.0000101479
6 H    -0.0000848310    -0.0000459720     0.0000204417
7 H     0.0000097897    -0.0000340456    -0.0000137381
8 H    -0.0000803340    -0.0000712422     0.0000188673
9 H    -0.0000171025     0.0000331421    -0.0000210588
10 H    -0.0000341210    -0.0000524057     0.0000065262
11 N     0.0001449706     0.0002467115    -0.0007405181
12 O    -0.0003394509     0.0017150370    -0.0000156250
13 O     0.0006293893    -0.0015852082     0.0005725799
----------------------------------------------
cycle 11: E = -434.186838585  dE = -4.77655e-05  norm(grad) = 0.00291241

Geometry optimization cycle 12
Cartesian coordinates (Angstrom)
 Atom        New coordinates             dX        dY        dZ
   C  -3.505279   0.065749   0.123349    0.000401 -0.000192 -0.004764
   C  -2.119966   0.057981   0.123354    0.000392 -0.001804 -0.002925
   C  -1.452020   1.264323   0.000297   -0.000022 -0.001130  0.001040
   C  -2.119840   2.470614  -0.123338    0.000336 -0.000757  0.004313
   C  -3.505130   2.463060  -0.124858    0.000374  0.001140  0.004609
   C  -4.194718   1.264400  -0.001137    0.000622  0.000427 -0.000367
   H  -4.042046  -0.859914   0.219694   -0.000254 -0.000268 -0.009119
   H  -1.568014  -0.855413   0.216226   -0.000070 -0.002160 -0.004672
   H  -1.567692   3.383997  -0.215420    0.001295 -0.001023  0.006738
   H  -4.041654   3.388821  -0.221647    0.000907  0.001850  0.008482
   H  -5.269743   1.264388  -0.001667    0.000629  0.000423 -0.000799
   N   0.008975   1.264703   0.001443   -0.000358  0.000464  0.001538
   O   0.561879   0.207798   0.050448    0.000216  0.001643  0.035372
   O   0.563697   2.320562  -0.050092   -0.004468  0.001388 -0.039446
converged SCF energy = -434.186878487923
--------------- RHF_Scanner gradients ---------------
         x                y                z
0 C    -0.0001592479    -0.0002001535     0.0000325902
1 C    -0.0000293913     0.0001627783     0.0000984270
2 C     0.0005014288    -0.0002447628    -0.0001719652
3 C    -0.0000296212    -0.0002088206    -0.0001250056
4 C    -0.0001214353     0.0002286172    -0.0000170697
5 C     0.0001211140    -0.0000323005    -0.0000002996
6 H    -0.0000363222    -0.0000411046     0.0000174452
7 H     0.0000109916     0.0000009333    -0.0000080847
8 H     0.0000026662     0.0000008989     0.0000075431
9 H    -0.0000263529     0.0000515716    -0.0000121472
10 H    -0.0000186855    -0.0000010294     0.0000008538
11 N     0.0011555992     0.0002793292     0.0006330148
12 O    -0.0008758861     0.0008923538    -0.0004259455
13 O    -0.0004948574    -0.0008883109    -0.0000293568
----------------------------------------------
cycle 12: E = -434.186878488  dE = -3.99027e-05  norm(grad) = 0.00227791

Geometry optimization cycle 13
Cartesian coordinates (Angstrom)
 Atom        New coordinates             dX        dY        dZ
   C  -3.504865   0.066423   0.116764    0.000414  0.000674 -0.006586
   C  -2.119708   0.057187   0.118135    0.000257 -0.000794 -0.005219
   C  -1.452345   1.264312   0.000034   -0.000326 -0.000011 -0.000263
   C  -2.119937   2.471322  -0.118547   -0.000096  0.000709  0.004791
   C  -3.505117   2.462851  -0.118245    0.000013 -0.000209  0.006613
   C  -4.196182   1.264552  -0.000950   -0.001464  0.000152  0.000187
   H  -4.041330  -0.859877   0.207451    0.000716  0.000037 -0.012244
   H  -1.568055  -0.856656   0.207911   -0.000041 -0.001242 -0.008315
   H  -1.568130   3.385074  -0.207951   -0.000439  0.001077  0.007469
   H  -4.041415   3.389217  -0.209297    0.000239  0.000396  0.012351
   H  -5.271185   1.264411  -0.001303   -0.001442  0.000023  0.000364
   N   0.009055   1.264222   0.000721    0.000080 -0.000480 -0.000722
   O   0.563388   0.211082   0.103299    0.001509  0.003284  0.052851
   O   0.564275   2.316947  -0.101370    0.000578 -0.003615 -0.051278
converged SCF energy = -434.186895706326
--------------- RHF_Scanner gradients ---------------
         x                y                z
0 C     0.0004769383     0.0007058468    -0.0000720149
1 C     0.0001326204    -0.0004784341     0.0000490379
2 C    -0.0002237098    -0.0000416220    -0.0000070059
3 C     0.0000056557     0.0003175533    -0.0000283511
4 C     0.0003574098    -0.0004905880     0.0000461576
5 C    -0.0008747361    -0.0000182450     0.0000059449
6 H     0.0000265511     0.0000915389    -0.0000068711
7 H     0.0000429946    -0.0000014796    -0.0000011356
8 H    -0.0000038529    -0.0000281360    -0.0000000509
9 H     0.0000008303    -0.0000833432     0.0000081061
10 H    -0.0000797568     0.0000133425    -0.0000017966
11 N    -0.0001997932     0.0000170064     0.0000171426
12 O     0.0001146145    -0.0001886488     0.0000113296
13 O     0.0002242340     0.0001852089    -0.0000204928
----------------------------------------------
cycle 13: E = -434.186895706  dE = -1.72184e-05  norm(grad) = 0.00157132

Geometry optimization cycle 14
Cartesian coordinates (Angstrom)
 Atom        New coordinates             dX        dY        dZ
   C  -3.505341   0.063490   0.115167   -0.000477 -0.002933 -0.001597
   C  -2.120265   0.056519   0.116646   -0.000557 -0.000668 -0.001489
   C  -1.453656   1.264187  -0.000100   -0.001311 -0.000125 -0.000134
   C  -2.120495   2.471773  -0.117204   -0.000559  0.000450  0.001343
   C  -3.505593   2.465909  -0.116597   -0.000476  0.003058  0.001648
   C  -4.191780   1.264631  -0.000881    0.004402  0.000079  0.000069
   H  -4.042781  -0.862487   0.204144   -0.001451 -0.002610 -0.003307
   H  -1.567730  -0.856886   0.205455    0.000325 -0.000231 -0.002456
   H  -1.567725   3.385016  -0.205783    0.000405 -0.000058  0.002168
   H  -4.042783   3.392009  -0.205906   -0.001368  0.002792  0.003390
   H  -5.266687   1.264533  -0.001171    0.004498  0.000121  0.000133
   N   0.007705   1.264018   0.000286   -0.001350 -0.000204 -0.000436
   O   0.562875   0.212953   0.119090   -0.000513  0.001871  0.015790
   O   0.562705   2.315405  -0.116493   -0.001570 -0.001542 -0.015122
converged SCF energy = -434.186885389749
--------------- RHF_Scanner gradients ---------------
         x                y                z
0 C    -0.0007142400    -0.0009616038     0.0000857788
1 C    -0.0000157450     0.0002622568    -0.0000492088
2 C    -0.0003222235     0.0000806727     0.0000693672
3 C    -0.0001770921    -0.0004933527     0.0000996490
4 C    -0.0008779090     0.0012354627    -0.0001252391
5 C     0.0019559759    -0.0000083453     0.0000045705
6 H     0.0000509739    -0.0001554277     0.0000119397
7 H    -0.0000932136    -0.0000296693     0.0000040093
8 H    -0.0001388621     0.0000052867    -0.0000049822
9 H     0.0000122525     0.0001660010    -0.0000146613
10 H     0.0001986743     0.0000223078    -0.0000022622
11 N    -0.0004421302    -0.0001621780    -0.0003116734
12 O     0.0003219178    -0.0001787176     0.0001822194
13 O     0.0002416210     0.0002173068     0.0000504930
----------------------------------------------
cycle 14: E = -434.18688539  dE = 1.03166e-05  norm(grad) = 0.00296171

Geometry optimization cycle 15
Cartesian coordinates (Angstrom)
 Atom        New coordinates             dX        dY        dZ
   C  -3.505319   0.063816   0.116180    0.000023  0.000326  0.001013
   C  -2.120229   0.056681   0.117453    0.000036  0.000162  0.000807
   C  -1.453514   1.264207  -0.000083    0.000143  0.000020  0.000018
   C  -2.120415   2.471666  -0.117992    0.000080 -0.000107 -0.000788
   C  -3.505524   2.465523  -0.117612    0.000068 -0.000385 -0.001015
   C  -4.192186   1.264611  -0.000890   -0.000406 -0.000020 -0.000009
   H  -4.042665  -0.862123   0.206071    0.000116  0.000364  0.001927
   H  -1.567763  -0.856724   0.206737   -0.000033  0.000163  0.001283
   H  -1.567727   3.384923  -0.207021   -0.000001 -0.000093 -0.001238
   H  -4.042635   3.391576  -0.207838    0.000149 -0.000433 -0.001932
   H  -5.267102   1.264526  -0.001190   -0.000415 -0.000007 -0.000019
   N   0.007828   1.264048   0.000346    0.000123  0.000030  0.000060
   O   0.562896   0.212026   0.110657    0.000021 -0.000927 -0.008432
   O   0.562802   2.316312  -0.108167    0.000097  0.000907  0.008326
converged SCF energy = -434.186889386178
--------------- RHF_Scanner gradients ---------------
         x                y                z
0 C    -0.0006154667    -0.0008285284     0.0000745066
1 C    -0.0000063301     0.0002272624    -0.0000260808
2 C    -0.0002916735     0.0000672708     0.0000580004
3 C    -0.0001490571    -0.0004308787     0.0000706235
4 C    -0.0007605054     0.0010716905    -0.0001098661
5 C     0.0016935028    -0.0000075434     0.0000044146
6 H     0.0000449034    -0.0001346001     0.0000115130
7 H    -0.0000786301    -0.0000287308     0.0000023687
8 H    -0.0001203065     0.0000059178    -0.0000033017
9 H     0.0000106698     0.0001439962    -0.0000136247
10 H     0.0001729764     0.0000195980    -0.0000019995
11 N    -0.0003910894    -0.0001342048    -0.0002643791
12 O     0.0002786817    -0.0001727944     0.0001367929
13 O     0.0002123248     0.0002015449     0.0000610319
----------------------------------------------
cycle 15: E = -434.186889386  dE = -3.99643e-06  norm(grad) = 0.00256625

Geometry optimization cycle 16
Cartesian coordinates (Angstrom)
 Atom        New coordinates             dX        dY        dZ
   C  -3.505342   0.065215   0.116291   -0.000024  0.001399  0.000111
   C  -2.120135   0.057318   0.117706    0.000094  0.000637  0.000253
   C  -1.452434   1.264281   0.000079    0.001080  0.000074  0.000162
   C  -2.119812   2.471356  -0.118040    0.000603 -0.000310 -0.000048
   C  -3.505014   2.463575  -0.117686    0.000510 -0.001949 -0.000074
   C  -4.194872   1.264463  -0.000963   -0.002686 -0.000148 -0.000073
   H  -4.042089  -0.861032   0.206401    0.000576  0.001091  0.000329
   H  -1.568175  -0.856380   0.207212   -0.000412  0.000344  0.000474
   H  -1.567640   3.384978  -0.207134    0.000087  0.000055 -0.000113
   H  -4.041551   3.389902  -0.208201    0.001083 -0.001674 -0.000363
   H  -5.269861   1.264567  -0.001375   -0.002759  0.000040 -0.000185
   N   0.008757   1.264251   0.000643    0.000929  0.000203  0.000298
   O   0.563344   0.211924   0.108118    0.000448 -0.000102 -0.002540
   O   0.563273   2.316652  -0.106399    0.000471  0.000340  0.001768
converged SCF energy = -434.186898370238
--------------- RHF_Scanner gradients ---------------
         x                y                z
0 C    -0.0000274495    -0.0000368834     0.0000023698
1 C    -0.0000089650     0.0000429913    -0.0000124177
2 C     0.0000412945     0.0000131230    -0.0000037115
3 C     0.0000141523    -0.0000314204     0.0000162812
4 C    -0.0000071393     0.0000061088    -0.0000011626
5 C     0.0000089438     0.0000034782    -0.0000002563
6 H    -0.0000059634    -0.0000048336    -0.0000000956
7 H    -0.0000022595     0.0000056571    -0.0000002799
8 H     0.0000102942     0.0000033884    -0.0000017877
9 H    -0.0000013429     0.0000039016     0.0000003746
10 H    -0.0000023710    -0.0000020615     0.0000003928
11 N     0.0000916959     0.0000009758    -0.0000019785
12 O    -0.0000358986     0.0000706496     0.0000057018
13 O    -0.0000749915    -0.0000750750    -0.0000034305
----------------------------------------------
cycle 16: E = -434.18689837  dE = -8.98406e-06  norm(grad) = 0.000184307

Geometry optimization cycle 17
Cartesian coordinates (Angstrom)
 Atom        New coordinates             dX        dY        dZ
   C  -3.505263   0.065322   0.116835    0.000079  0.000107  0.000544
   C  -2.120078   0.057347   0.118136    0.000057  0.000029  0.000431
   C  -1.452491   1.264335   0.000089   -0.000057  0.000054  0.000010
   C  -2.119871   2.471392  -0.118475   -0.000059  0.000036 -0.000436
   C  -3.505061   2.463541  -0.118242   -0.000047 -0.000034 -0.000556
   C  -4.194864   1.264464  -0.000971    0.000008  0.000000 -0.000008
   H  -4.041994  -0.860880   0.207423    0.000096  0.000152  0.001022
   H  -1.568100  -0.856321   0.207894    0.000075  0.000059  0.000682
   H  -1.567744   3.385008  -0.207802   -0.000105  0.000030 -0.000668
   H  -4.041637   3.389792  -0.209241   -0.000086 -0.000111 -0.001040
   H  -5.269847   1.264513  -0.001385    0.000014 -0.000054 -0.000010
   N   0.008722   1.264229   0.000661   -0.000035 -0.000023  0.000017
   O   0.563179   0.211321   0.103696   -0.000165 -0.000603 -0.004422
   O   0.563498   2.317009  -0.101965    0.000225  0.000357  0.004435
converged SCF energy = -434.186898493423
--------------- RHF_Scanner gradients ---------------
         x                y                z
0 C     0.0000023298     0.0000023705    -0.0000002129
1 C     0.0000032282     0.0000026876     0.0000005829
2 C    -0.0000108566    -0.0000065620    -0.0000007731
3 C     0.0000008009     0.0000048349    -0.0000021020
4 C    -0.0000002694    -0.0000039528     0.0000006799
5 C     0.0000002116     0.0000002118    -0.0000001121
6 H     0.0000008314     0.0000009579    -0.0000000946
7 H     0.0000019459    -0.0000028438     0.0000001225
8 H    -0.0000012670     0.0000000340     0.0000003093
9 H     0.0000005718    -0.0000010174     0.0000002780
10 H     0.0000007877    -0.0000003081     0.0000000044
11 N    -0.0000185950     0.0000033069     0.0000053028
12 O     0.0000017801    -0.0000279961    -0.0000003416
13 O     0.0000185008     0.0000282764    -0.0000036434
----------------------------------------------
cycle 17: E = -434.186898493  dE = -1.23185e-07  norm(grad) = 5.07905e-05

Geometry optimization cycle 18
Cartesian coordinates (Angstrom)
 Atom        New coordinates             dX        dY        dZ
   C  -3.505281   0.065315   0.116801   -0.000018 -0.000007 -0.000034
   C  -2.120092   0.057325   0.118107   -0.000014 -0.000021 -0.000029
   C  -1.452481   1.264309   0.000087    0.000010 -0.000026 -0.000001
   C  -2.119859   2.471369  -0.118446    0.000012 -0.000024  0.000030
   C  -3.505049   2.463545  -0.118205    0.000012  0.000005  0.000037
   C  -4.194867   1.264471  -0.000967   -0.000003  0.000008  0.000004
   H  -4.042024  -0.860885   0.207358   -0.000030 -0.000005 -0.000065
   H  -1.568130  -0.856350   0.207847   -0.000030 -0.000029 -0.000047
   H  -1.567720   3.384978  -0.207761    0.000025 -0.000029  0.000041
   H  -4.041610   3.389810  -0.209175    0.000027  0.000018  0.000066
   H  -5.269852   1.264535  -0.001380   -0.000005  0.000022  0.000005
   N   0.008729   1.264233   0.000651    0.000007  0.000005 -0.000010
   O   0.563254   0.211412   0.104009    0.000075  0.000091  0.000314
   O   0.563430   2.317002  -0.102275   -0.000068 -0.000007 -0.000311
converged SCF energy = -434.18689849608
--------------- RHF_Scanner gradients ---------------
         x                y                z
0 C    -0.0000004193     0.0000001379     0.0000000282
1 C    -0.0000004754    -0.0000021291     0.0000002875
2 C     0.0000003214     0.0000013103    -0.0000001762
3 C     0.0000002936    -0.0000000165     0.0000001169
4 C     0.0000000479     0.0000003436    -0.0000001479
5 C     0.0000003610    -0.0000000553     0.0000001113
6 H    -0.0000000008    -0.0000000729    -0.0000000225
7 H    -0.0000002690     0.0000000927    -0.0000001890
8 H     0.0000001736     0.0000003874     0.0000000611
9 H     0.0000001065     0.0000000823     0.0000000250
10 H     0.0000000095     0.0000000425    -0.0000000245
11 N     0.0000037782    -0.0000003535    -0.0000008463
12 O    -0.0000006339     0.0000050235     0.0000010320
13 O    -0.0000032935    -0.0000047928    -0.0000002557
----------------------------------------------
cycle 18: E = -434.186898496  dE = -2.65698e-09  norm(grad) = 9.1272e-06
converged SCF energy = -434.186898496131
converged SCF energy = -434.202782458333  <S^2> = 1.1663613  2S+1 = 2.3802195

Geometry optimization cycle 1
Cartesian coordinates (Angstrom)
 Atom        New coordinates             dX        dY        dZ
   C  -3.504823   0.071181   0.145690    0.000000  0.000000  0.000000
   C  -2.124207   0.067696   0.143725    0.000000  0.000000  0.000000
   C  -1.456514   1.265790   0.011281    0.000000  0.000000  0.000000
   C  -2.124350   2.461666  -0.139473    0.000000  0.000000  0.000000
   C  -3.504915   2.457837  -0.145725    0.000000  0.000000  0.000000
   C  -4.193608   1.264515   0.000196    0.000000  0.000000  0.000000
   H  -4.038180  -0.850506   0.255917    0.000000  0.000000  0.000000
   H  -1.562029  -0.834636   0.238916    0.000000  0.000000  0.000000
   H  -1.561953   3.363023  -0.242863    0.000000 -0.000000  0.000000
   H  -4.038201   3.378563  -0.263983    0.000000  0.000000  0.000000
   H  -5.265039   1.264169  -0.002276    0.000000  0.000000  0.000000
   N  -0.008508   1.264860  -0.005664    0.000000 -0.000000  0.000000
   O   0.563947   0.167070  -0.129771    0.000000  0.000000  0.000000
   O   0.566830   2.359843   0.130682    0.000000  0.000000  0.000000
converged SCF energy = -434.202782458378  <S^2> = 1.1663628  2S+1 = 2.3802208
--------------- UHF_Scanner gradients ---------------
         x                y                z
0 C     0.0004928922     0.0067310952    -0.0007754243
1 C     0.0071123562     0.0183239578    -0.0003868291
2 C    -0.0790243342     0.0004570192     0.0026556880
3 C     0.0071552721    -0.0185824526    -0.0007684387
4 C     0.0003804702    -0.0067807237     0.0007153058
5 C     0.0179252010     0.0000594770     0.0000774588
6 H     0.0034521563     0.0041200223    -0.0006045760
7 H    -0.0023616772     0.0019744807    -0.0001980910
8 H    -0.0023259096    -0.0020018193     0.0000547527
9 H     0.0034496981    -0.0041153027     0.0006407961
10 H     0.0052461586     0.0000015496    -0.0000064675
11 N     0.0864188970    -0.0002137745    -0.0013783915
12 O    -0.0238609661     0.0334299207     0.0013065834
13 O    -0.0240602146    -0.0334034495    -0.0013323668
----------------------------------------------
cycle 1: E = -434.202782458  dE = -434.203  norm(grad) = 0.135684

Geometry optimization cycle 2
Cartesian coordinates (Angstrom)
 Atom        New coordinates             dX        dY        dZ
   C  -3.525413   0.089293   0.130558   -0.020591  0.018112 -0.015132
   C  -2.128080   0.079442   0.126862   -0.003874  0.011747 -0.016863
   C  -1.371743   1.260271   0.004325    0.084772 -0.005519 -0.006956
   C  -2.122611   2.443969  -0.125242    0.001740 -0.017697  0.014230
   C  -3.519854   2.440247  -0.130476   -0.014939 -0.017590  0.015249
   C  -4.275638   1.266451  -0.000528   -0.082029  0.001936 -0.000723
   H  -4.049257  -0.847096   0.236379   -0.011077  0.003409 -0.019538
   H  -1.588373  -0.841938   0.215815   -0.026344 -0.007302 -0.023100
   H  -1.578675   3.362724  -0.216074   -0.016722 -0.000298  0.026789
   H  -4.039335   3.378710  -0.239319   -0.001134  0.000147  0.024664
   H  -5.354561   1.268837  -0.001695   -0.089522  0.004668  0.000581
   N   0.023398   1.256799  -0.002855    0.031906 -0.008061  0.002809
   O   0.665954   0.162023  -0.012349    0.102007 -0.005047  0.117421
   O   0.612637   2.381338   0.011251    0.045807  0.021495 -0.119431
converged SCF energy = -434.209372812693  <S^2> = 1.2606446  2S+1 = 2.4581657
--------------- UHF_Scanner gradients ---------------
         x                y                z
0 C     0.0054070312     0.0091056380    -0.0008322455
1 C    -0.0041034807     0.0115614172     0.0000326155
2 C    -0.0034765860     0.0054161698     0.0010724931
3 C    -0.0042879352    -0.0125746141    -0.0004151743
4 C     0.0053345863    -0.0084975024     0.0008593117
5 C    -0.0187249515     0.0000450989    -0.0000753457
6 H    -0.0018690965     0.0014772483    -0.0000451043
7 H     0.0012362385     0.0023028228    -0.0004980764
8 H     0.0015400519    -0.0017237375     0.0004616055
9 H    -0.0019516084    -0.0014723741     0.0000286310
10 H    -0.0030634157     0.0000313509    -0.0000135970
11 N     0.0222876902    -0.0062538955    -0.0008157132
12 O     0.0045518225     0.0071920188    -0.0012993233
13 O    -0.0028803465    -0.0066096410     0.0015399229
----------------------------------------------
cycle 2: E = -434.209372813  dE = -0.00659035  norm(grad) = 0.0404143

Geometry optimization cycle 3
Cartesian coordinates (Angstrom)
 Atom        New coordinates             dX        dY        dZ
   C  -3.506867   0.018238   0.118360    0.018547 -0.071055 -0.012198
   C  -2.102204   0.024509   0.114687    0.025876 -0.054934 -0.012174
   C  -1.398741   1.272781  -0.004357   -0.026998  0.012510 -0.008682
   C  -2.107854   2.518599  -0.117842    0.014757  0.074630  0.007401
   C  -3.512537   2.506496  -0.120571    0.007318  0.066249  0.009905
   C  -4.178270   1.260507  -0.002707    0.097367 -0.005944 -0.002179
   H  -4.055521  -0.912833   0.212424   -0.006264 -0.065736 -0.023955
   H  -1.534579  -0.886393   0.196840    0.053793 -0.044455 -0.018975
   H  -1.548701   3.434465  -0.193499    0.029974  0.071741  0.022575
   H  -4.069098   3.433036  -0.212358   -0.029762  0.054326  0.026961
   H  -5.259904   1.257792  -0.002859    0.094657 -0.011045 -0.001164
   N  -0.072566   1.271794   0.001494   -0.095964  0.014994  0.004350
   O   0.507651   0.126600   0.145965   -0.158303 -0.035423  0.158315
   O   0.587640   2.375479  -0.138929   -0.024997 -0.005859 -0.150180
converged SCF energy = -434.206718273142  <S^2> = 1.3379243  2S+1 = 2.5202574
--------------- UHF_Scanner gradients ---------------
         x                y                z
0 C    -0.0155912326    -0.0189023808     0.0019395825
1 C     0.0098339475    -0.0046263465     0.0003417234
2 C     0.0411432446    -0.0072514261     0.0001565200
3 C     0.0093767442     0.0093181906    -0.0005110996
4 C    -0.0145705253     0.0158010297    -0.0013660524
5 C     0.0183506439     0.0000743182    -0.0001714733
6 H    -0.0019675706    -0.0067957104     0.0009400614
7 H     0.0016158309    -0.0060337151     0.0002735814
8 H     0.0005281006     0.0047489770     0.0000647717
9 H    -0.0016601340     0.0066900728    -0.0009413676
10 H    -0.0012959028    -0.0002431417     0.0000384681
11 N    -0.0507545405     0.0072908442    -0.0004222648
12 O    -0.0046398584    -0.0185891526     0.0026179050
13 O     0.0096312525     0.0185184407    -0.0029603558
----------------------------------------------
cycle 3: E = -434.206718273  dE = 0.00265454  norm(grad) = 0.0839889

Geometry optimization cycle 4
Cartesian coordinates (Angstrom)
 Atom        New coordinates             dX        dY        dZ
   C  -3.509024   0.064381   0.119850   -0.002157  0.046144  0.001490
   C  -2.116256   0.029467   0.121992   -0.014052  0.004959  0.007305
   C  -1.411704   1.255463   0.000262   -0.012963 -0.017318  0.004618
   C  -2.113527   2.482656  -0.121730   -0.005673 -0.035943 -0.003888
   C  -3.506520   2.470375  -0.120951    0.006017 -0.036121 -0.000380
   C  -4.221775   1.268230  -0.000806   -0.043505  0.007723  0.001900
   H  -4.051055  -0.861829   0.214410    0.004466  0.051004  0.001986
   H  -1.567455  -0.886212   0.209728   -0.032875  0.000181  0.012887
   H  -1.555650   3.393237  -0.208401   -0.006949 -0.041229 -0.014903
   H  -4.040319   3.401457  -0.215758    0.028779 -0.031579 -0.003400
   H  -5.299113   1.269972  -0.000529   -0.039209  0.012180  0.002330
   N  -0.037412   1.260249  -0.001063    0.035154 -0.011545 -0.002558
   O   0.618101   0.167360   0.082792    0.110450  0.040760 -0.063173
   O   0.560159   2.386264  -0.083143   -0.027481  0.010785  0.055785
converged SCF energy = -434.212717375874  <S^2> = 1.2736525  2S+1 = 2.4687264
--------------- UHF_Scanner gradients ---------------
         x                y                z
0 C     0.0022043589     0.0060112276    -0.0006440026
1 C     0.0048594097    -0.0112247608     0.0015800966
2 C    -0.0118811428     0.0043863378    -0.0002106003
3 C     0.0046645040     0.0059516949    -0.0011322914
4 C     0.0003457694    -0.0018862327     0.0003442671
5 C    -0.0035211514    -0.0003498774    -0.0000304397
6 H     0.0009408795     0.0003818285     0.0000404922
7 H    -0.0003279122    -0.0008768356    -0.0000519849
8 H    -0.0000018577     0.0015763817     0.0000177968
9 H     0.0004437516    -0.0001586239    -0.0000771786
10 H    -0.0005021371     0.0003417970    -0.0000235165
11 N    -0.0050305266    -0.0053040559     0.0000639916
12 O     0.0076358967    -0.0000363677    -0.0002103442
13 O     0.0001701578     0.0011874867     0.0003337140
----------------------------------------------
cycle 4: E = -434.212717376  dE = -0.0059991  norm(grad) = 0.0233898

Geometry optimization cycle 5
Cartesian coordinates (Angstrom)
 Atom        New coordinates             dX        dY        dZ
   C  -3.520426   0.060673   0.119559   -0.011401 -0.003708 -0.000291
   C  -2.131881   0.097177   0.117751   -0.015625  0.067709 -0.004241
   C  -1.376907   1.280670   0.001548    0.034797  0.025207  0.001286
   C  -2.128463   2.465642  -0.120328   -0.014936 -0.017014  0.001402
   C  -3.517495   2.449850  -0.120596   -0.010976 -0.020525  0.000355
   C  -4.236221   1.255589  -0.001029   -0.014446 -0.012641 -0.000223
   H  -4.039287  -0.876972   0.212852    0.011768 -0.015142 -0.001559
   H  -1.577580  -0.811918   0.207800   -0.010125  0.074294 -0.001928
   H  -1.589138   3.383095  -0.212112   -0.033488 -0.010142 -0.003710
   H  -4.051679   3.378201  -0.215649   -0.011360 -0.023256  0.000110
   H  -5.311459   1.255255  -0.002255   -0.012346 -0.014717 -0.001726
   N   0.012836   1.273864   0.000386    0.050248  0.013615  0.001449
   O   0.552062   0.127327   0.072684   -0.066039 -0.040033 -0.010107
   O   0.664087   2.362617  -0.063960    0.103928 -0.023647  0.019183
converged SCF energy = -434.210039252418  <S^2> = 1.2438157  2S+1 = 2.4444351
--------------- UHF_Scanner gradients ---------------
         x                y                z
0 C    -0.0016049997    -0.0088393061     0.0007913483
1 C    -0.0136165412     0.0227608139    -0.0019422616
2 C     0.0049615937    -0.0102476839     0.0012392288
3 C    -0.0098664958    -0.0094338620     0.0002811440
4 C     0.0030532776    -0.0022362772     0.0002476953
5 C     0.0019252337     0.0008434221    -0.0000548227
6 H    -0.0012027161     0.0012651040    -0.0001460090
7 H    -0.0006626857     0.0033988837    -0.0003423403
8 H    -0.0004497581    -0.0045578388     0.0004143647
9 H     0.0002231619    -0.0019507378     0.0002195693
10 H     0.0014733244    -0.0008963159     0.0001028154
11 N     0.0293923894     0.0092543829    -0.0009458969
12 O    -0.0144437764     0.0030570970    -0.0005751697
13 O     0.0008179922    -0.0024176820     0.0007103344
----------------------------------------------
cycle 5: E = -434.210039252  dE = 0.00267812  norm(grad) = 0.0484144

Geometry optimization cycle 6
Cartesian coordinates (Angstrom)
 Atom        New coordinates             dX        dY        dZ
   C  -3.513714   0.062296   0.119078    0.006712  0.001623 -0.000481
   C  -2.122083   0.063518   0.118638    0.009798 -0.033658  0.000887
   C  -1.391824   1.269224  -0.000281   -0.014917 -0.011445 -0.001829
   C  -2.121640   2.474933  -0.120455    0.006823  0.009290 -0.000128
   C  -3.513256   2.461314  -0.120419    0.004240  0.011465  0.000177
   C  -4.228696   1.261543  -0.001238    0.007526  0.005954 -0.000209
   H  -4.043843  -0.870445   0.213522   -0.004556  0.006527  0.000670
   H  -1.570498  -0.849087   0.206386    0.007082 -0.037169 -0.001414
   H  -1.574128   3.389812  -0.207364    0.015010  0.006718  0.004747
   H  -4.047836   3.391209  -0.215148    0.003842  0.013008  0.000501
   H  -5.305192   1.261269  -0.001501    0.006266  0.006013  0.000754
   N  -0.013013   1.268670  -0.000331   -0.025849 -0.005194 -0.000717
   O   0.576658   0.143619   0.086194    0.024597  0.016292  0.013510
   O   0.617513   2.373193  -0.080428   -0.046574  0.010576 -0.016468
converged SCF energy = -434.213048604483  <S^2> = 1.2611904  2S+1 = 2.4586097
--------------- UHF_Scanner gradients ---------------
         x                y                z
0 C    -0.0003108233    -0.0015641895     0.0001094304
1 C    -0.0039944051     0.0054416209    -0.0001122738
2 C     0.0000244336    -0.0040079590     0.0004568011
3 C    -0.0028284375    -0.0015067127    -0.0003979582
4 C     0.0010593459    -0.0013875317     0.0002815960
5 C    -0.0005912864     0.0000090790    -0.0000592483
6 H    -0.0003305932     0.0004671842     0.0000275715
7 H    -0.0003913808     0.0010354089    -0.0002359636
8 H    -0.0004410470    -0.0015667648     0.0003054026
9 H     0.0001478878    -0.0007211803    -0.0000138553
10 H     0.0003558809    -0.0002525581     0.0000376458
11 N     0.0105549173     0.0035893073    -0.0005596919
12 O    -0.0047700896     0.0003238669    -0.0002344733
13 O     0.0015155975     0.0001404288     0.0003950170
----------------------------------------------
cycle 6: E = -434.213048604  dE = -0.00300935  norm(grad) = 0.0152771

Geometry optimization cycle 7
Cartesian coordinates (Angstrom)
 Atom        New coordinates             dX        dY        dZ
   C  -3.512155   0.059988   0.119183    0.001559 -0.002307  0.000105
   C  -2.119840   0.051441   0.119547    0.002243 -0.012077  0.000909
   C  -1.397760   1.263143   0.000184   -0.005936 -0.006082  0.000466
   C  -2.119542   2.475170  -0.120076    0.002099  0.000238  0.000379
   C  -3.511811   2.469932  -0.120548    0.001444  0.008618 -0.000129
   C  -4.220851   1.265018  -0.001078    0.007844  0.003475  0.000160
   H  -4.048104  -0.870125   0.212964   -0.004261  0.000319 -0.000558
   H  -1.567446  -0.861599   0.207458    0.003052 -0.012513  0.001073
   H  -1.565584   3.387347  -0.207107    0.008545 -0.002465  0.000257
   H  -4.046615   3.400682  -0.214726    0.001221  0.009473  0.000421
   H  -5.297757   1.265246  -0.001195    0.007435  0.003978  0.000305
   N  -0.026284   1.263218  -0.000150   -0.013271 -0.005452  0.000181
   O   0.595382   0.153803   0.088233    0.018723  0.010184  0.002039
   O   0.586815   2.377805  -0.086036   -0.030698  0.004612 -0.005608
converged SCF energy = -434.213392816687  <S^2> = 1.2663617  2S+1 = 2.4628128
--------------- UHF_Scanner gradients ---------------
         x                y                z
0 C    -0.0008630604    -0.0012878247     0.0000847172
1 C    -0.0008372063     0.0017984775     0.0001863600
2 C     0.0010358164     0.0007374480     0.0000603426
3 C    -0.0011096134    -0.0024355261    -0.0002159989
4 C    -0.0011153477     0.0019370109    -0.0000771314
5 C     0.0019410731    -0.0000637204    -0.0000389332
6 H    -0.0000484305    -0.0001361511     0.0000793370
7 H    -0.0002093323     0.0003166053    -0.0001404447
8 H    -0.0001582017    -0.0002519843     0.0001594569
9 H    -0.0001315487     0.0001638041    -0.0000912360
10 H     0.0003029283     0.0000514220     0.0000050042
11 N     0.0002899125    -0.0010669083    -0.0001201304
12 O     0.0010398012     0.0001383060    -0.0002099687
13 O    -0.0001367905     0.0000990413     0.0003186254
----------------------------------------------
cycle 7: E = -434.213392817  dE = -0.000344212  norm(grad) = 0.00519125

Geometry optimization cycle 8
Cartesian coordinates (Angstrom)
 Atom        New coordinates             dX        dY        dZ
   C  -3.506198   0.063540   0.116385    0.005957  0.003552 -0.002798
   C  -2.113453   0.046140   0.118591    0.006386 -0.005301 -0.000956
   C  -1.402888   1.266353   0.000254   -0.005128  0.003211  0.000069
   C  -2.113051   2.486862  -0.119052    0.006491  0.011692  0.001024
   C  -3.505661   2.463163  -0.117871    0.006150 -0.006769  0.002678
   C  -4.225731   1.263455  -0.001200   -0.004879 -0.001564 -0.000122
   H  -4.041360  -0.867389   0.207620    0.006744  0.002736 -0.005345
   H  -1.558653  -0.866356   0.207102    0.008793 -0.004756 -0.000356
   H  -1.560031   3.400479  -0.206679    0.005553  0.013132  0.000428
   H  -4.042597   3.393023  -0.209612    0.004018 -0.007659  0.005115
   H  -5.303298   1.263490  -0.001744   -0.005541 -0.001757 -0.000549
   N  -0.036362   1.265044   0.000999   -0.010078  0.001826  0.001149
   O   0.572617   0.148909   0.104003   -0.022765 -0.004893  0.015770
   O   0.585113   2.374356  -0.102144   -0.001702 -0.003449 -0.016108
converged SCF energy = -434.213183596688  <S^2> = 1.2680866  2S+1 = 2.4642132
--------------- UHF_Scanner gradients ---------------
         x                y                z
0 C     0.0022071467     0.0038306408    -0.0004073156
1 C     0.0035261857    -0.0041475757     0.0004823119
2 C    -0.0020875869    -0.0010518682     0.0001105210
3 C     0.0036654640     0.0057998735    -0.0006886813
4 C     0.0028665843    -0.0052488286     0.0005496660
5 C    -0.0057055450     0.0001698817    -0.0000251119
6 H     0.0001744190     0.0003339987     0.0000019034
7 H     0.0005160754    -0.0009683074     0.0000639274
8 H     0.0005082176     0.0008400567    -0.0000281020
9 H     0.0003241327    -0.0003896904     0.0000032717
10 H    -0.0008516012    -0.0001032895     0.0000146878
11 N    -0.0035071711     0.0010275240    -0.0000222192
12 O    -0.0016531613    -0.0015316160     0.0000496018
13 O     0.0000168401     0.0014392005    -0.0001044609
----------------------------------------------
cycle 8: E = -434.213183597  dE = 0.00020922  norm(grad) = 0.0139673

Geometry optimization cycle 9
Cartesian coordinates (Angstrom)
 Atom        New coordinates             dX        dY        dZ
   C  -3.508717   0.062066   0.118612   -0.002519 -0.001474  0.002227
   C  -2.116207   0.048628   0.119677   -0.002754  0.002488  0.001086
   C  -1.400808   1.265019   0.000143    0.002080 -0.001334 -0.000111
   C  -2.116100   2.481512  -0.120399   -0.003049 -0.005350 -0.001348
   C  -3.508547   2.466203  -0.120013   -0.002886  0.003040 -0.002142
   C  -4.223353   1.264108  -0.001148    0.002378  0.000653  0.000052
   H  -4.044167  -0.868318   0.212065   -0.002807 -0.000929  0.004445
   H  -1.562432  -0.864142   0.207687   -0.003780  0.002214  0.000585
   H  -1.562655   3.394526  -0.207546   -0.002624 -0.005953 -0.000867
   H  -4.044542   3.396221  -0.213884   -0.001945  0.003198 -0.004272
   H  -5.300657   1.264118  -0.001384    0.002642  0.000628  0.000360
   N  -0.031593   1.264468   0.000068    0.004768 -0.000576 -0.000930
   O   0.581677   0.150239   0.090307    0.009060  0.001329 -0.013696
   O   0.586549   2.376422  -0.087533    0.001436  0.002067  0.014612
converged SCF energy = -434.213390668235  <S^2> = 1.2671898  2S+1 = 2.4634852
--------------- UHF_Scanner gradients ---------------
         x                y                z
0 C     0.0008026199     0.0015111388    -0.0001921668
1 C     0.0015619579    -0.0014236313     0.0004683961
2 C    -0.0011263828    -0.0004027973     0.0001423665
3 C     0.0015349735     0.0019889397    -0.0006156546
4 C     0.0010102965    -0.0019095739     0.0002947240
5 C    -0.0021380133     0.0000227789    -0.0000433017
6 H     0.0001142074     0.0001806260     0.0000434539
7 H     0.0002002261    -0.0004387559    -0.0000565470
8 H     0.0002009385     0.0003645402     0.0000876028
9 H     0.0001595626    -0.0002041451    -0.0000487932
10 H    -0.0003517148    -0.0000304514     0.0000123647
11 N    -0.0010738511     0.0002692600    -0.0001900407
12 O    -0.0007894868    -0.0006756568    -0.0001356860
13 O    -0.0001053337     0.0007477281     0.0002332821
----------------------------------------------
cycle 9: E = -434.213390668  dE = -0.000207072  norm(grad) = 0.00536316

Geometry optimization cycle 10
Cartesian coordinates (Angstrom)
 Atom        New coordinates             dX        dY        dZ
   C  -3.510562   0.060683   0.118338   -0.001846 -0.001383 -0.000275
   C  -2.118214   0.049969   0.119283   -0.002007  0.001341 -0.000394
   C  -1.399360   1.264477   0.000264    0.001448 -0.000542  0.000121
   C  -2.117899   2.479128  -0.119737   -0.001799 -0.002384  0.000662
   C  -3.510209   2.467948  -0.119750   -0.001662  0.001745  0.000263
   C  -4.222129   1.264356  -0.001137    0.001224  0.000248  0.000011
   H  -4.046314  -0.869658   0.211255   -0.002148 -0.001340 -0.000809
   H  -1.564880  -0.862737   0.207455   -0.002448  0.001406 -0.000232
   H  -1.564446   3.391829  -0.207061   -0.001792 -0.002698  0.000485
   H  -4.045962   3.398238  -0.213153   -0.001420  0.002017  0.000731
   H  -5.299230   1.264473  -0.001448    0.001426  0.000355 -0.000064
   N  -0.028771   1.264181   0.000286    0.002822 -0.000287  0.000218
   O   0.587789   0.152236   0.093055    0.006113  0.001997  0.002748
   O   0.588637   2.375948  -0.090999    0.002088 -0.000475 -0.003466
converged SCF energy = -434.213432999308  <S^2> = 1.26705  2S+1 = 2.4633717
--------------- UHF_Scanner gradients ---------------
         x                y                z
0 C    -0.0000237714     0.0000511867    -0.0000434671
1 C     0.0001489789    -0.0000644668     0.0002715755
2 C    -0.0001625070    -0.0000460118     0.0000908544
3 C     0.0001405222     0.0002537155    -0.0003707127
4 C     0.0000678543    -0.0001830861     0.0001017117
5 C    -0.0001312215    -0.0000000437    -0.0000304691
6 H     0.0000017486    -0.0000065348     0.0000541621
7 H    -0.0000127904    -0.0000555314    -0.0000748546
8 H     0.0000016696     0.0000399651     0.0000993132
9 H     0.0000171279    -0.0000021623    -0.0000592683
10 H    -0.0000255396    -0.0000096219     0.0000089193
11 N    -0.0002854731    -0.0000655244    -0.0000961020
12 O     0.0000741723    -0.0000908487    -0.0001647864
13 O     0.0001892292     0.0001789645     0.0002131240
----------------------------------------------
cycle 10: E = -434.213432999  dE = -4.23311e-05  norm(grad) = 0.000840977

Geometry optimization cycle 11
Cartesian coordinates (Angstrom)
 Atom        New coordinates             dX        dY        dZ
   C  -3.510268   0.060955   0.116815    0.000294  0.000273 -0.001523
   C  -2.117984   0.049573   0.118293    0.000230 -0.000395 -0.000990
   C  -1.398844   1.264048   0.000295    0.000516 -0.000430  0.000031
   C  -2.118378   2.478252  -0.118414   -0.000479 -0.000876  0.001323
   C  -3.510660   2.468633  -0.118361   -0.000451  0.000685  0.001389
   C  -4.222103   1.264654  -0.001117    0.000026  0.000298  0.000019
   H  -4.046197  -0.869437   0.207970    0.000118  0.000222 -0.003285
   H  -1.564784  -0.863136   0.206865    0.000096 -0.000399 -0.000590
   H  -1.564708   3.390737  -0.206280   -0.000261 -0.001092  0.000782
   H  -4.046168   3.399232  -0.210068   -0.000207  0.000994  0.003085
   H  -5.299187   1.264507  -0.001545    0.000043  0.000034 -0.000097
   N  -0.028502   1.264366   0.000704    0.000269  0.000185  0.000417
   O   0.587987   0.153243   0.103151    0.000198  0.001007  0.010096
   O   0.588246   2.375443  -0.101655   -0.000392 -0.000505 -0.010657
converged SCF energy = -434.213438962487  <S^2> = 1.2668896  2S+1 = 2.4632415
--------------- UHF_Scanner gradients ---------------
         x                y                z
0 C     0.0000862977     0.0001616623    -0.0000401908
1 C     0.0000113001    -0.0001830454     0.0001055139
2 C     0.0004261757    -0.0000251354     0.0000207629
3 C    -0.0001609439    -0.0002605825    -0.0000921305
4 C    -0.0001091707     0.0002608779     0.0000083557
5 C    -0.0000213334    -0.0000491573    -0.0000021769
6 H     0.0000175828     0.0000106130     0.0000247036
7 H     0.0000231609     0.0000074012    -0.0000285083
8 H    -0.0000216807    -0.0000232444     0.0000426471
9 H    -0.0000371432     0.0000165957    -0.0000306409
10 H    -0.0000008821     0.0000356161    -0.0000002483
11 N    -0.0001974160    -0.0000109079     0.0000141643
12 O    -0.0000606679    -0.0001278744    -0.0000639577
13 O     0.0000447207     0.0001871810     0.0000417058
----------------------------------------------
cycle 11: E = -434.213438962  dE = -5.96318e-06  norm(grad) = 0.000747789

Geometry optimization cycle 12
Cartesian coordinates (Angstrom)
 Atom        New coordinates             dX        dY        dZ
   C  -3.511625   0.059197   0.115476   -0.001358 -0.001759 -0.001339
   C  -2.119387   0.050831   0.117048   -0.001402  0.001257 -0.001245
   C  -1.399180   1.264827   0.000017   -0.000336  0.000780 -0.000278
   C  -2.117229   2.479942  -0.117497    0.001149  0.001691  0.000917
   C  -3.509439   2.467575  -0.116723    0.001221 -0.001058  0.001638
   C  -4.221809   1.263952  -0.000905    0.000295 -0.000702  0.000213
   H  -4.047305  -0.871550   0.204750   -0.001108 -0.002113 -0.003220
   H  -1.565610  -0.861456   0.205994   -0.000826  0.001680 -0.000871
   H  -1.563813   3.392549  -0.206148    0.000895  0.001812  0.000132
   H  -4.045441   3.398032  -0.206422    0.000727 -0.001200  0.003646
   H  -5.298880   1.264690  -0.001464    0.000307  0.000183  0.000081
   N  -0.028706   1.263996   0.000919   -0.000204 -0.000370  0.000215
   O   0.588953   0.154578   0.113895    0.000966  0.001336  0.010744
   O   0.587920   2.373905  -0.112288   -0.000325 -0.001537 -0.010633
converged SCF energy = -434.213435548761  <S^2> = 1.2667851  2S+1 = 2.4631566
--------------- UHF_Scanner gradients ---------------
         x                y                z
0 C    -0.0003372022    -0.0006989280     0.0000693345
1 C    -0.0003654816     0.0006091491    -0.0001479915
2 C     0.0001817792     0.0000731478    -0.0000528818
3 C     0.0001478838     0.0005389039     0.0000709751
4 C     0.0002263169    -0.0004217605     0.0000209122
5 C     0.0001713604     0.0001098880     0.0000031731
6 H    -0.0000800552    -0.0000540067    -0.0000062269
7 H    -0.0000858948     0.0000643622     0.0000198989
8 H     0.0000724376     0.0000248448    -0.0000351284
9 H     0.0000733468    -0.0000276239     0.0000135789
10 H     0.0000233230    -0.0000943807     0.0000063533
11 N    -0.0003043961    -0.0000697472     0.0000684277
12 O     0.0003044651     0.0000426960     0.0000472745
13 O    -0.0000278831    -0.0000965447    -0.0000776994
----------------------------------------------
cycle 12: E = -434.213435549  dE = 3.41373e-06  norm(grad) = 0.00142209

Geometry optimization cycle 13
Cartesian coordinates (Angstrom)
 Atom        New coordinates             dX        dY        dZ
   C  -3.510518   0.060512   0.116063    0.001107  0.001316  0.000588
   C  -2.118267   0.049828   0.117638    0.001120 -0.001003  0.000591
   C  -1.399248   1.264345   0.000055   -0.000068 -0.000483  0.000038
   C  -2.118143   2.478904  -0.118036   -0.000914 -0.001038 -0.000539
   C  -3.510396   2.468404  -0.117524   -0.000958  0.000829 -0.000801
   C  -4.221999   1.264468  -0.000994   -0.000190  0.000517 -0.000089
   H  -4.046374  -0.870025   0.206131    0.000930  0.001524  0.001381
   H  -1.564814  -0.862728   0.206420    0.000796 -0.001273  0.000426
   H  -1.564558   3.391403  -0.206425   -0.000745 -0.001146 -0.000278
   H  -4.046121   3.398979  -0.208012   -0.000679  0.000947 -0.001590
   H  -5.299081   1.264485  -0.001411   -0.000200 -0.000205  0.000053
   N  -0.028555   1.264225   0.000660    0.000151  0.000228 -0.000259
   O   0.588016   0.153798   0.109064   -0.000937 -0.000780 -0.004831
   O   0.588507   2.374472  -0.106978    0.000586  0.000566  0.005310
converged SCF energy = -434.213440450285  <S^2> = 1.2667393  2S+1 = 2.4631194
--------------- UHF_Scanner gradients ---------------
         x                y                z
0 C     0.0000109116     0.0000081725    -0.0000015768
1 C    -0.0000039724    -0.0000311184     0.0000020388
2 C    -0.0000754621    -0.0000081952    -0.0000064719
3 C    -0.0000319778     0.0000241145     0.0000081319
4 C    -0.0000004978     0.0000182667     0.0000004139
5 C     0.0000147771    -0.0000034247     0.0000013114
6 H     0.0000037019    -0.0000001096    -0.0000004431
7 H     0.0000047289    -0.0000094066     0.0000015848
8 H    -0.0000064159    -0.0000040079    -0.0000033545
9 H    -0.0000012773     0.0000018085    -0.0000008357
10 H     0.0000016130     0.0000015852    -0.0000007441
11 N     0.0000161587    -0.0000066351    -0.0000098925
12 O     0.0000153658     0.0000175299     0.0000068100
13 O     0.0000523461    -0.0000085799     0.0000030278
----------------------------------------------
cycle 13: E = -434.21344045  dE = -4.90152e-06  norm(grad) = 0.000115061

Geometry optimization cycle 14
Cartesian coordinates (Angstrom)
 Atom        New coordinates             dX        dY        dZ
   C  -3.510563   0.060518   0.116128   -0.000045  0.000006  0.000064
   C  -2.118297   0.049866   0.117727   -0.000030  0.000038  0.000089
   C  -1.399155   1.264284   0.000151    0.000093 -0.000061  0.000096
   C  -2.118034   2.478791  -0.118030    0.000108 -0.000114  0.000006
   C  -3.510299   2.468318  -0.117591    0.000097 -0.000086 -0.000067
   C  -4.222034   1.264467  -0.001027   -0.000035 -0.000001 -0.000033
   H  -4.046423  -0.870014   0.206250   -0.000048  0.000012  0.000119
   H  -1.564892  -0.862702   0.206510   -0.000077  0.000026  0.000089
   H  -1.564427   3.391290  -0.206349    0.000131 -0.000113  0.000077
   H  -4.045957   3.398923  -0.208153    0.000163 -0.000056 -0.000141
   H  -5.299115   1.264544  -0.001472   -0.000035  0.000059 -0.000061
   N  -0.028574   1.264252   0.000705   -0.000019  0.000027  0.000046
   O   0.588097   0.153821   0.108509    0.000081  0.000023 -0.000555
   O   0.588122   2.374712  -0.106707   -0.000385  0.000240  0.000272
converged SCF energy = -434.213440469341  <S^2> = 1.2666914  2S+1 = 2.4630805
--------------- UHF_Scanner gradients ---------------
         x                y                z
0 C     0.0000028838     0.0000015876    -0.0000016368
1 C    -0.0000061205     0.0000096371     0.0000014390
2 C     0.0000384758     0.0000050212     0.0000003483
3 C     0.0000027363    -0.0000193873    -0.0000022657
4 C     0.0000058556    -0.0000024324     0.0000005830
5 C    -0.0000095740    -0.0000002248     0.0000000660
6 H    -0.0000016295     0.0000014642     0.0000008343
7 H     0.0000000417     0.0000065361    -0.0000013093
8 H     0.0000052111     0.0000008993     0.0000011895
9 H    -0.0000008067    -0.0000017057    -0.0000003275
10 H     0.0000001252     0.0000002889     0.0000001270
11 N     0.0000033135    -0.0000064320     0.0000064129
12 O    -0.0000117192    -0.0000085040    -0.0000043768
13 O    -0.0000287931     0.0000132519    -0.0000010837
----------------------------------------------
cycle 14: E = -434.213440469  dE = -1.90566e-08  norm(grad) = 5.98632e-05
converged SCF energy = -434.213440469385  <S^2> = 1.2666826  2S+1 = 2.4630734
converged SCF energy = -434.213440469416  <S^2> = 1.266682  2S+1 = 2.4630729
converged SCF energy = -434.220277861102  <S^2> = 1.2525153  2S+1 = 2.4515426

WARN: PCM is an experimental feature. It is still in testing.
Features and APIs may be changed in the future.

converged SCF energy = -434.223141846638

WARN: PCM is an experimental feature. It is still in testing.
Features and APIs may be changed in the future.

converged SCF energy = -434.324185306874  <S^2> = 1.3062511  2S+1 = 2.4949959
G_corr_rdx_a: 0.07377828908937545, G_corr_rdx_n: 0.07975591461604381
gfe_a: -434.25040701778494, gfe_n: -434.14338593202206, dG_red: 2.9121935731280555, rdx_pot: -1.5178064268719442
