2.262225 2.297901 1.362759
3.685229 2.238482 1.257931
2.651924 3.079671 1.048276
1.880696 3.031918 0.524138
3.097537 3.487560 0.209655
1.390273 2.364183 0.000000
2.270300 3.362587 -0.314483
1.814081 2.707518 -0.838621
2.804644 2.988427 -1.153103
2.192952 2.017195 -1.362759
3.164520 2.259762 -1.467586
3.009397 -2.368820 1.467586
2.351842 -2.846401 1.153103
3.826567 -2.705419 0.943448
2.894593 -3.383468 0.628966
4.323754 -2.097630 0.419310
3.706148 -3.262364 0.104828
4.201809 -2.591771 -0.419310
3.178626 -3.293914 -0.733793
3.480223 -2.592232 -1.257931
2.192952 -1.982805 -1.362759
3.010190 0.629143 1.652778
2.256717 1.300619 1.558333
2.495851 1.145997 -1.652778
3.010190 -1.370857 1.652778
3.851927 -1.724042 1.180556
2.002568 -1.518755 -1.369444
3.163643 -1.610742 -1.558333
2.495851 -0.854003 -1.652778
3.876290 0.129143 1.652778
4.561961 0.741577 1.463889
4.643577 1.537211 0.991667
5.274047 0.396732 0.708333
4.545953 1.973735 -0.236111
4.773746 1.406406 -0.991667
4.833992 0.275926 -1.275000
3.977723 1.328673 -1.463889
3.361951 0.645997 -1.652778
3.876290 -0.870857 1.652778
3.122817 -0.199381 1.558333
4.561961 -0.258423 1.463889
4.718027 -1.224042 1.180556
5.274047 -0.603268 0.708333
4.644073 -1.870285 0.425000
5.332733 -0.258854 -0.519444
4.810845 -1.540123 -0.802778
4.833992 -0.724074 -1.275000
4.029743 -1.110742 -1.558333
3.361951 -0.354003 -1.652778
2.144190 0.129143 1.652778
1.390717 0.800619 1.558333
1.781304 1.602972 1.275000
0.699840 0.358768 1.086111
0.965152 1.583806 0.802778
1.319285 2.057048 0.047222
0.556521 0.536879 -0.897222
1.280776 1.489447 -1.180556
1.629851 0.645997 -1.652778
2.144190 -0.870857 1.652778
1.390717 -0.199381 1.558333
1.477039 -1.360891 1.369444
0.699840 -0.641232 1.086111
0.381018 -0.100464 0.330556
0.556521 -0.463121 -0.897222
1.136568 -1.018755 -1.369444
1.629851 -0.354003 -1.652778
5.050052 1.698796 0.200000
5.449571 0.730934 -0.200000
5.160071 -1.464382 0.466667
5.449571 -0.889066 -0.200000
4.844784 -1.675143 -0.600000
0.317067 0.685510 0.333333
0.635681 1.676564 -0.066667
0.540912 1.037579 -0.733333
0.317067 -0.934490 0.333333
0.562946 -1.530147 -0.333333
4.199914 2.541986 0.866667
4.184052 3.198796 0.200000
4.583571 2.230934 -0.200000
3.573029 3.402388 -0.466667
4.131514 2.707688 -0.866667
1.835956 -3.121807 0.733333
1.183067 -2.434490 0.333333
2.353858 -3.507891 0.066667
1.428946 -3.030147 -0.333333
1.406912 -2.082421 -0.733333
2.114477 -2.937644 -1.000000
