0.143397 -0.368820 1.585376
-0.603775 0.297901 1.480549
0.819229 0.238482 1.375721
-0.514158 -0.846401 1.270893
-0.214076 1.079671 1.166066
0.960567 -0.705419 1.061238
-1.260307 -0.136903 0.956411
0.878702 0.999915 0.851583
0.028593 -1.383468 0.746756
-0.985304 1.031918 0.641928
1.457754 -0.097630 0.537100
-1.161224 -0.929010 0.432273
0.840148 -1.262364 0.222618
-1.475727 0.364183 0.117790
1.330981 0.726568 0.012962
1.335809 -0.591771 -0.301520
-1.352261 -0.455049 -0.406348
1.178467 0.177544 -0.825658
-0.673048 0.017195 -1.244969
-0.202122 1.774835 0.128840
0.781052 1.644246 -0.271160
-0.827419 1.622014 -0.537827
1.180571 0.676384 -0.671160
0.170029 1.847838 -0.937827
-0.922188 0.983029 -1.204493
0.728514 1.153138 -1.337827
-0.214623 0.127806 -1.471160
-0.157989 1.116829 -1.604493
-0.493144 -1.567257 0.262173
0.891071 -1.409832 -0.004493
0.024758 -1.953341 -0.404493
1.180571 -0.834516 -0.671160
-0.900154 -1.475597 -0.804493
0.575784 -1.620593 -1.071160
-0.922188 -0.527871 -1.204493
0.728514 -0.357762 -1.337827
-0.214623 -1.383094 -1.471160
-0.157989 -0.394071 -1.604493
